GO	x2	list1InGO	list1OutGO	list2InGO	list2OutGO
GO:0000075	 0.305566463079894 	1	17	135	18552
GO:0000082	 0.119938533312541 	1	17	77	18610
GO:0000084	 0.188380153433881 	1	17	98	18589
GO:0000122	 0.988222713885479 	1	17	508	18179
GO:0000166	 0.95547657617301 	3	15	2511	16176
GO:0000216	 0.0855920734831787 	1	17	66	18621
GO:0000226	 0.553203623475002 	1	17	230	18457
GO:0000268	 1.81003982250723e-09 	1	17	6	18681
GO:0000280	 0.355702340313145 	1	17	152	18535
GO:0000287	 0.450638172435353 	1	17	187	18500
GO:0000729	 0.0438787564749893 	1	17	51	18636
GO:0000737	 0.113556044988606 	1	17	75	18612
GO:0000738	 0.0489275404555629 	1	17	53	18634
GO:0000808	 5.65554029366624e-07 	1	17	9	18678
GO:0001071	 0.999999999999995 	1	17	874	17813
GO:0001882	 0.591584167948427 	3	15	1883	16804
GO:0001883	 0.584286298992427 	3	15	1871	16816
GO:0002065	 0.0220385540599163 	1	17	41	18646
GO:0002528	 2.09804400561763e-20 	1	17	2	18685
GO:0003006	 0.781158245467512 	1	17	352	18335
GO:0003008	 0.999999999999993 	1	17	1320	17367
GO:0003013	 0.185108765818747 	1	17	97	18590
GO:0003018	 0.104080221929093 	1	17	72	18615
GO:0003674	 0.863975502572427 	16	2	15819	2868
GO:0003676	 0.400015282183386 	5	13	3263	15424
GO:0003677	 0.0495120425494583 	5	13	1996	16691
GO:0003700	 0.999999999999994 	1	17	872	17815
GO:0003779	 0.781158245467512 	1	17	352	18335
GO:0003824	 0.999999999999914 	6	12	5839	12848
GO:0003924	 0.638829185153789 	1	17	271	18416
GO:0004175	 0.0842478723387805 	2	16	423	18264
GO:0004197	 0.0651263181573421 	1	17	59	18628
GO:0004221	 0.0737219978586875 	1	17	62	18625
GO:0004222	 0.277981300790749 	1	17	126	18561
GO:0004427	 7.59767720673356e-11 	1	17	5	18682
GO:0004518	 0.50728401345317 	1	17	210	18477
GO:0004519	 0.341230549400685 	1	17	147	18540
GO:0004672	 0.999999999999151 	1	17	631	18056
GO:0004674	 0.90514842868985 	1	17	439	18248
GO:0004683	 0.000241619455370796 	1	17	17	18670
GO:0004687	 1.22722059363746e-15 	1	17	3	18684
GO:0004803	 0.0300224082012357 	1	17	45	18642
GO:0004843	 0.020219586473554 	1	17	40	18647
GO:0005048	 0.00052259505036719 	1	17	19	18668
GO:0005198	 0.999999999999993 	1	17	802	17885
GO:0005488	 0.0355904188356854 	16	2	11598	7089
GO:0005515	 0.155190347863691 	10	8	6844	11843
GO:0005524	 0.943094738546164 	2	16	1472	17215
GO:0005525	 0.889457073219377 	1	17	427	18260
GO:0005575	 0.999999999999969 	16	2	17048	1639
GO:0005622	 0.984841138478253 	1	17	505	18182
GO:0005634	 0.815717008914886 	3	15	2260	16427
GO:0005654	 0.945109501759689 	1	17	471	18216
GO:0005664	 5.65554029366624e-07 	1	17	9	18678
GO:0005667	 0.999999999999786 	1	17	1227	17460
GO:0005730	 0.999999999999495 	1	17	1288	17399
GO:0005737	 0.121536706544129 	5	13	2391	16296
GO:0005739	 0.513331439337053 	2	16	930	17757
GO:0005759	 0.372764540636574 	1	17	158	18529
GO:0005768	 0.640788588512485 	1	17	272	18415
GO:0005794	 0.999999999999995 	1	17	532	18155
GO:0005829	 0.841449822766432 	1	17	1819	16868
GO:0005856	 0.999999999999974 	1	17	539	18148
GO:0005874	 6.93498943653919e-05 	3	15	318	18369
GO:0005886	 0.827867655898309 	2	16	2945	15742
GO:0005929	 0.323561613568619 	1	17	141	18546
GO:0005932	 0.041429482217588 	1	17	50	18637
GO:0006082	 0.985660814831845 	2	16	1535	17152
GO:0006091	 0.890780212030939 	1	17	428	18259
GO:0006119	 0.0300224082012357 	1	17	45	18642
GO:0006139	 0.565290854867062 	4	14	2737	15950
GO:0006152	 0.838382918823695 	1	17	390	18297
GO:0006163	 0.999999999999246 	1	17	560	18127
GO:0006184	 0.562041224548392 	1	17	234	18453
GO:0006195	 0.859601208670752 	1	17	405	18282
GO:0006259	 0.0297633864550727 	3	15	733	17954
GO:0006260	 0.34704687991111 	1	17	149	18538
GO:0006281	 0.773226173032119 	1	17	347	18340
GO:0006282	 0.204694350624213 	1	17	103	18584
GO:0006308	 0.296448925609489 	1	17	132	18555
GO:0006310	 0.485628535203589 	1	17	201	18486
GO:0006313	 0.0300224082012357 	1	17	45	18642
GO:0006355	 0.996374688377438 	3	15	2588	16099
GO:0006357	 0.999999999999956 	1	17	1197	17490
GO:0006399	 0.287253263709171 	1	17	129	18558
GO:0006418	 0.0463788259901324 	1	17	52	18635
GO:0006457	 0.519042727969437 	1	17	215	18472
GO:0006458	 0.032184442793089 	1	17	46	18641
GO:0006461	 0.428247716601537 	2	16	835	17852
GO:0006464	 0.999999999999947 	2	16	2038	16649
GO:0006468	 0.999999999999596 	1	17	554	18133
GO:0006508	 0.415598544174947 	2	16	821	17866
GO:0006511	 0.673245980960619 	1	17	289	18398
GO:0006520	 0.669776186884143 	2	16	1112	17575
GO:0006725	 0.731229966514294 	4	14	3072	15615
GO:0006753	 0.99999999999999 	1	17	722	17965
GO:0006793	 0.678030724590928 	3	15	2026	16661
GO:0006796	 0.647941464443864 	3	15	1976	16711
GO:0006807	 0.766363989519227 	5	13	4128	14559
GO:0006810	 0.687206146831498 	2	16	3270	15417
GO:0006928	 0.545071699723668 	2	16	966	17721
GO:0006950	 0.733458470321136 	1	17	2024	16663
GO:0006974	 0.999999999999998 	1	17	544	18143
GO:0006996	 0.132490920711655 	4	14	1717	16970
GO:0007005	 0.305566463079894 	1	17	135	18552
GO:0007006	 0.0220385540599163 	1	17	41	18646
GO:0007007	 0.000241619455370796 	1	17	17	18670
GO:0007010	 0.158653768328775 	2	16	527	18160
GO:0007017	 0.0679560061531736 	2	16	396	18291
GO:0007018	 0.424628902833282 	1	17	177	18510
GO:0007067	 0.355702340313145 	1	17	152	18535
GO:0007165	 0.241074562164461 	2	16	4862	13825
GO:0007166	 0.352714545507375 	1	17	3076	15611
GO:0007167	 0.99999999999994 	1	17	591	18096
GO:0007169	 0.902561105432003 	1	17	437	18250
GO:0007411	 0.634893111402938 	1	17	269	18418
GO:0007507	 0.243372422401131 	1	17	115	18572
GO:0008053	 1.93036238146248e-06 	1	17	10	18677
GO:0008092	 0.999999999998181 	1	17	649	18038
GO:0008104	 0.648569300948116 	1	17	276	18411
GO:0008150	 0.941889289081417 	16	2	15978	2709
GO:0008152	 0.999999999999993 	7	11	7598	11089
GO:0008219	 0.927950894627677 	1	17	457	18230
GO:0008233	 0.251414061446639 	2	16	638	18049
GO:0008234	 0.302536061813135 	1	17	134	18553
GO:0008237	 0.455736860493939 	1	17	189	18498
GO:0008238	 0.18183540157525 	1	17	96	18591
GO:0008242	 5.23035499918664e-05 	1	17	14	18673
GO:0008270	 0.116054562270359 	4	14	1661	17026
GO:0008283	 0.981440148829647 	1	17	502	18185
GO:0008285	 0.975728141623947 	1	17	497	18190
GO:0008406	 0.129590638025744 	1	17	80	18607
GO:0008543	 0.217674600266215 	1	17	107	18580
GO:0009056	 0.223127187710476 	4	14	1980	16707
GO:0009057	 0.0763072701236412 	3	15	911	17776
GO:0009058	 0.590822247760404 	1	17	2342	16345
GO:0009059	 0.999999999998981 	1	17	1343	17344
GO:0009069	 0.994928412386934 	1	17	514	18173
GO:0009116	 0.999999999998389 	1	17	575	18112
GO:0009117	 0.999999999998293 	1	17	717	17970
GO:0009119	 0.999999999999596 	1	17	554	18133
GO:0009141	 0.958255545496708 	1	17	482	18205
GO:0009143	 0.822348660854666 	1	17	379	18308
GO:0009144	 0.941473629064454 	1	17	468	18219
GO:0009146	 0.817903184510356 	1	17	376	18311
GO:0009150	 0.999999999999949 	1	17	548	18139
GO:0009154	 0.849789765628053 	1	17	398	18289
GO:0009164	 0.856813801131687 	1	17	403	18284
GO:0009166	 0.881457558803574 	1	17	421	18266
GO:0009199	 0.942688033541131 	1	17	469	18218
GO:0009203	 0.814921878990254 	1	17	374	18313
GO:0009205	 0.936591332731717 	1	17	464	18223
GO:0009207	 0.814921878990254 	1	17	374	18313
GO:0009259	 0.999999999999015 	1	17	564	18123
GO:0009261	 0.851200969511428 	1	17	399	18288
GO:0009434	 0.000362410190954309 	1	17	18	18669
GO:0009719	 0.999999999999875 	1	17	961	17726
GO:0009889	 0.999999999999819 	3	15	3142	15545
GO:0009890	 0.999999999999976 	1	17	1008	17679
GO:0009892	 0.99999999999992 	1	17	1440	17247
GO:0009893	 0.713447179902643 	1	17	2065	16622
GO:0009894	 0.999999999999063 	1	17	702	17985
GO:0009987	 0.99999999999969 	12	6	12889	5798
GO:0010033	 0.999999999999991 	2	16	1684	17003
GO:0010468	 0.99999999999998 	3	15	3148	15539
GO:0010506	 0.0541625033051621 	1	17	55	18632
GO:0010556	 0.999999999999995 	3	15	3000	15687
GO:0010558	 0.999999999999996 	1	17	947	17740
GO:0010564	 0.819388525843261 	1	17	377	18310
GO:0010604	 0.801430362391603 	1	17	1892	16795
GO:0010605	 0.999999999999952 	1	17	1321	17366
GO:0010608	 0.932903443586875 	1	17	461	18226
GO:0010629	 0.999999999999972 	1	17	856	17831
GO:0010639	 0.532904369654386 	1	17	221	18466
GO:0010948	 0.523693106769872 	1	17	217	18470
GO:0015031	 0.999999999999971 	1	17	1116	17571
GO:0016020	 0.487279328911741 	3	15	4988	13699
GO:0016021	 0.0773681713366861 	1	17	5003	13684
GO:0016043	 0.447805370160383 	5	13	3383	15304
GO:0016070	 0.999999999999757 	1	17	1363	17324
GO:0016192	 0.999999999998933 	1	17	635	18052
GO:0016197	 0.274874062997586 	1	17	125	18562
GO:0016265	 0.93043225219451 	1	17	459	18228
GO:0016301	 0.999999999999973 	1	17	871	17816
GO:0016310	 0.455280271016842 	2	16	865	17822
GO:0016459	 0.188380153433881 	1	17	98	18589
GO:0016462	 0.0695947245531546 	3	15	890	17797
GO:0016485	 0.13282533661378 	1	17	81	18606
GO:0016579	 0.145829289354116 	1	17	85	18602
GO:0016740	 0.763158885184497 	1	17	1965	16722
GO:0016772	 0.999999999999995 	1	17	1011	17676
GO:0016773	 0.999999999999933 	1	17	754	17933
GO:0016787	 0.173216873039244 	5	13	2595	16092
GO:0016788	 0.379396768033301 	2	16	781	17906
GO:0016790	 0.191649173466561 	1	17	99	18588
GO:0016817	 0.0727518958515984 	3	15	900	17787
GO:0016818	 0.0705343358858751 	3	15	893	17794
GO:0017016	 0.274874062997586 	1	17	125	18562
GO:0017076	 0.600700071733778 	3	15	1898	16789
GO:0017111	 0.440877102251946 	2	16	849	17838
GO:0017137	 0.0438787564749893 	1	17	51	18636
GO:0019001	 0.911568961682044 	1	17	444	18243
GO:0019219	 0.893346045375493 	4	14	3405	15282
GO:0019222	 0.885617783919225 	4	14	4952	13735
GO:0019439	 0.542439682370351 	2	16	963	17724
GO:0019538	 0.791760661478867 	4	14	3195	15492
GO:0019637	 0.999999999999818 	1	17	1091	17596
GO:0019693	 0.999999999998843 	1	17	567	18120
GO:0019752	 0.912444958006462 	2	16	1428	17259
GO:0019783	 0.032184442793089 	1	17	46	18641
GO:0019899	 0.164829831918441 	3	15	1133	17554
GO:0019904	 0.999999999998107 	1	17	580	18107
GO:0019941	 0.684331771808321 	1	17	295	18392
GO:0022402	 0.480388613019617 	2	16	893	17794
GO:0022403	 0.562041224548392 	1	17	234	18453
GO:0022414	 0.99999999999999 	1	17	791	17896
GO:0022607	 0.86210248589184 	2	16	1358	17329
GO:0030029	 0.598395790048649 	1	17	251	18436
GO:0030030	 0.899962735956931 	1	17	435	18252
GO:0030036	 0.516706228881056 	1	17	214	18473
GO:0030154	 0.999999999998669 	1	17	1132	17555
GO:0030163	 0.523693106769872 	1	17	217	18470
GO:0030317	 0.00641574991173105 	1	17	30	18657
GO:0030318	 0.00052259505036719 	1	17	19	18668
GO:0030424	 0.408602187447289 	1	17	171	18516
GO:0030425	 0.411295582524015 	1	17	172	18515
GO:0030554	 0.962880293353502 	2	16	1501	17186
GO:0030855	 0.519042727969437 	1	17	215	18472
GO:0031032	 0.0220385540599163 	1	17	41	18646
GO:0031267	 0.000154465299858858 	2	16	135	18552
GO:0031323	 0.999999999999999 	4	14	4519	14168
GO:0031324	 0.999999999999757 	1	17	1363	17324
GO:0031325	 0.763671644461169 	1	17	1964	16723
GO:0031326	 1 	3	15	3115	15572
GO:0031327	 0.99999999999999 	1	17	994	17693
GO:0031329	 0.999999999998879 	1	17	636	18051
GO:0031625	 0.361426578728328 	1	17	154	18533
GO:0031647	 0.214436652614997 	1	17	106	18581
GO:0031974	 0.912844961221439 	1	17	445	18242
GO:0032182	 0.119938533312541 	1	17	77	18610
GO:0032196	 0.0300224082012357 	1	17	45	18642
GO:0032501	 0.470649440160965 	1	17	2670	16017
GO:0032502	 0.999999999999755 	3	15	3516	15171
GO:0032549	 0.586111153888856 	3	15	1874	16813
GO:0032550	 0.582461203058395 	3	15	1868	16819
GO:0032553	 0.606772792083573 	3	15	1908	16779
GO:0032555	 0.598269926571763 	3	15	1894	16793
GO:0032559	 0.960848726827693 	2	16	1498	17189
GO:0032561	 0.911568961682044 	1	17	444	18243
GO:0032991	 0.575459457133865 	7	11	5616	13071
GO:0033036	 0.667632381358936 	1	17	286	18401
GO:0033043	 0.99999999999994 	1	17	546	18141
GO:0033044	 0.344143312375153 	1	17	148	18539
GO:0033218	 0.000357032916448274 	2	16	149	18538
GO:0033554	 0.99999999999952 	1	17	900	17787
GO:0034097	 0.82822715579549 	1	17	383	18304
GO:0034613	 0.495332109420782 	1	17	205	18482
GO:0034622	 0.999999999999998 	1	17	544	18143
GO:0034641	 0.757380495250883 	4	14	3125	15562
GO:0034645	 0.999999999999992 	1	17	1053	17634
GO:0034655	 0.503569049181511 	2	16	919	17768
GO:0034660	 0.748818678773409 	1	17	332	18355
GO:0034982	 1.96841898173413e-08 	1	17	7	18680
GO:0035085	 0.041429482217588 	1	17	50	18637
GO:0035086	 5.65554029366624e-07 	1	17	9	18678
GO:0035556	 0.999999999999999 	1	17	956	17731
GO:0035639	 0.579418869489633 	3	15	1863	16824
GO:0036094	 0.999999999999708 	3	15	2748	15939
GO:0040011	 0.999999999998448 	1	17	644	18043
GO:0042127	 0.693667264419818 	2	16	1141	17546
GO:0042147	 0.00850895681969728 	1	17	32	18655
GO:0042169	 0.0184755834876959 	1	17	39	18648
GO:0042221	 0.811352240297344 	2	16	2981	15706
GO:0042277	 0.000302260400898944 	2	16	146	18541
GO:0042278	 0.999999999999974 	1	17	539	18148
GO:0042391	 0.34704687991111 	1	17	149	18538
GO:0042407	 1.81003982250723e-09 	1	17	6	18681
GO:0042454	 0.842685108629383 	1	17	393	18294
GO:0042802	 0.999999999999964 	1	17	929	17758
GO:0042803	 0.999999999999536 	1	17	624	18063
GO:0042995	 0.0474849943079321 	3	15	812	17875
GO:0043005	 0.0919472042100145 	2	16	435	18252
GO:0043038	 0.0541625033051621 	1	17	55	18632
GO:0043039	 0.0541625033051621 	1	17	55	18632
GO:0043114	 0.000986315942117378 	1	17	21	18666
GO:0043130	 0.0886222972018906 	1	17	67	18620
GO:0043167	 0.65019172118812 	7	11	5822	12865
GO:0043168	 0.999999999999829 	3	15	2778	15909
GO:0043169	 0.593556228876944 	5	13	3731	14956
GO:0043170	 0.391958519858883 	7	11	5070	13617
GO:0043226	 0.577178482795545 	8	10	6611	12076
GO:0043227	 0.253665271972616 	7	11	4583	14104
GO:0043228	 0.964237608130656 	2	16	2665	16022
GO:0043229	 0.539176034144523 	8	10	6497	12190
GO:0043231	 0.221492747573469 	7	11	4452	14235
GO:0043232	 0.964237608130656 	2	16	2665	16022
GO:0043233	 0.849789765628053 	1	17	398	18289
GO:0043234	 0.307332600557439 	7	11	4784	13903
GO:0043240	 5.38837227443731e-06 	1	17	11	18676
GO:0043412	 0.999999999999991 	2	16	2150	16537
GO:0043436	 0.974326471581311 	2	16	1518	17169
GO:0043566	 0.652425905144223 	1	17	278	18409
GO:0043623	 0.495332109420782 	1	17	205	18482
GO:0043632	 0.689805316191087 	1	17	298	18389
GO:0043933	 0.886798168596393 	2	16	1392	17295
GO:0044237	 0.952111621933186 	7	11	6621	12066
GO:0044238	 0.999999999999686 	7	11	6757	11930
GO:0044248	 0.500872232920724 	3	15	1734	16953
GO:0044249	 0.672174872876975 	1	17	2153	16534
GO:0044260	 0.216314766824686 	7	11	4430	14257
GO:0044265	 0.392978005119961 	2	16	796	17891
GO:0044267	 0.420377524440138 	4	14	2437	16250
GO:0044270	 0.533648721245836 	2	16	953	17734
GO:0044281	 0.9999999999997 	3	15	2714	15973
GO:0044344	 0.259217835485046 	1	17	120	18567
GO:0044389	 0.361426578728328 	1	17	154	18533
GO:0044422	 0.913334963590748 	7	11	6519	12168
GO:0044424	 0.126665480375542 	15	3	11807	6880
GO:0044425	 0.0171702081873133 	1	17	6571	12116
GO:0044427	 0.999999999999994 	1	17	941	17746
GO:0044428	 0.99999999999989 	3	15	2673	16014
GO:0044429	 0.999999999999984 	1	17	753	17934
GO:0044430	 0.0386763154234008 	4	14	1307	17380
GO:0044444	 0.686930228350536 	5	13	6558	12129
GO:0044446	 0.872184098398244 	7	11	6411	12276
GO:0044451	 0.999999999999996 	1	17	673	18014
GO:0044454	 0.608732434659939 	1	17	256	18431
GO:0044464	 0.513102923090077 	16	2	14937	3750
GO:0045184	 0.999999999999218 	1	17	1145	17542
GO:0045185	 0.155630528401863 	1	17	88	18599
GO:0045214	 0.000986315942117378 	1	17	21	18666
GO:0045739	 0.123146371259203 	1	17	78	18609
GO:0045892	 0.999999999999993 	1	17	799	17888
GO:0045934	 0.999999999999952 	1	17	925	17762
GO:0045935	 0.999999999999867 	1	17	1229	17458
GO:0046039	 0.6046165551113 	1	17	254	18433
GO:0046128	 0.999999999999957 	1	17	535	18152
GO:0046130	 0.838382918823695 	1	17	390	18297
GO:0046434	 0.999999999999189 	1	17	561	18126
GO:0046483	 0.679717269542281 	4	14	2968	15719
GO:0046700	 0.535409047864133 	2	16	955	17732
GO:0046872	 0.51539336417281 	5	13	3547	15140
GO:0046907	 0.999999999999218 	1	17	1145	17542
GO:0046914	 0.210267387044932 	4	14	1946	16741
GO:0046983	 0.99999999999939 	1	17	1081	17606
GO:0048284	 0.0137119732695893 	1	17	36	18651
GO:0048285	 0.413980033798027 	1	17	173	18514
GO:0048513	 0.504457692382753 	2	16	920	17767
GO:0048518	 0.287180083354187 	1	17	3358	15329
GO:0048519	 0.99999999999993 	3	15	3040	15647
GO:0048522	 0.361196069739732 	1	17	3043	15644
GO:0048523	 0.999999999999633 	3	15	2785	15902
GO:0048583	 0.679973189123062 	1	17	2136	16551
GO:0048584	 0.999999999999923 	1	17	1102	17585
GO:0048608	 0.271758684271497 	1	17	124	18563
GO:0048856	 0.999999999999959 	2	16	2155	16532
GO:0048869	 0.919682179677599 	1	17	1685	17002
GO:0048870	 0.999999999999479 	1	17	556	18131
GO:0050789	 0.404674117455363 	7	11	9622	9065
GO:0050794	 0.514754171074797 	7	11	9222	9465
GO:0050821	 0.0766488902720051 	1	17	63	18624
GO:0050896	 0.283054908873278 	4	14	6959	11728
GO:0050931	 0.000728523873648822 	1	17	20	18667
GO:0051020	 0.000269498632305937 	2	16	144	18543
GO:0051052	 0.63291638417919 	1	17	268	18419
GO:0051054	 0.34704687991111 	1	17	149	18538
GO:0051084	 0.0168084719000391 	1	17	38	18649
GO:0051128	 0.999999999999177 	1	17	1280	17407
GO:0051129	 0.823823484346137 	1	17	380	18307
GO:0051171	 0.928427734436274 	4	14	3479	15208
GO:0051172	 0.999999999999972 	1	17	946	17741
GO:0051173	 0.999999999999971 	1	17	1253	17434
GO:0051179	 0.743823269259152 	1	17	329	18358
GO:0051234	 0.663293613093765 	2	16	3330	15357
GO:0051235	 0.293392303189203 	1	17	131	18556
GO:0051252	 0.999999999999765 	3	15	2746	15941
GO:0051253	 0.999999999999141 	1	17	839	17848
GO:0051258	 0.0541625033051621 	1	17	55	18632
GO:0051320	 0.207946251344043 	1	17	104	18583
GO:0051603	 0.707726536752881 	1	17	308	18379
GO:0051604	 0.175284397747235 	1	17	94	18593
GO:0051641	 0.60047567916218 	1	17	252	18435
GO:0051649	 0.999999999999993 	1	17	1460	17227
GO:0051716	 0.620356565420891 	4	14	5676	13011
GO:0051726	 0.99999999999985 	1	17	687	18000
GO:0055086	 0.999999999999285 	1	17	836	17851
GO:0060255	 0.999999999999897 	4	14	4077	14610
GO:0060563	 0.00390884753204358 	1	17	27	18660
GO:0061024	 0.572933329153745 	1	17	239	18448
GO:0061025	 0.0390331883554419 	1	17	49	18638
GO:0065003	 0.549452876875525 	2	16	971	17716
GO:0065007	 0.924229883331791 	9	9	10072	8615
GO:0065008	 0.738766474039679 	3	15	2128	16559
GO:0070011	 0.214380595119884 	2	16	595	18092
GO:0070013	 0.804374161963033 	1	17	367	18320
GO:0070536	 0.000241619455370796 	1	17	17	18670
GO:0070555	 0.0463788259901324 	1	17	52	18635
GO:0070646	 0.188380153433881 	1	17	98	18589
GO:0070647	 0.999999999999993 	1	17	594	18093
GO:0070727	 0.502526681116645 	1	17	208	18479
GO:0070848	 0.852608961903599 	1	17	400	18287
GO:0070887	 0.836945112048364 	2	16	1324	17363
GO:0071156	 0.299496864606605 	1	17	133	18554
GO:0071157	 0.0489275404555629 	1	17	53	18634
GO:0071310	 0.66313108689663 	2	16	1104	17583
GO:0071344	 1.22722059363746e-15 	1	17	3	18684
GO:0071345	 0.695233508813802 	1	17	301	18386
GO:0071347	 0.00968333156884869 	1	17	33	18654
GO:0071363	 0.829688161938621 	1	17	384	18303
GO:0071495	 0.999999999999956 	1	17	610	18077
GO:0071702	 0.925776944409147 	1	17	1675	17012
GO:0071704	 0.999999999999766 	7	11	6993	11694
GO:0071774	 0.259217835485046 	1	17	120	18567
GO:0071822	 0.783696990331246 	2	16	1254	17433
GO:0071840	 0.524205908669556 	5	13	3568	15119
GO:0072521	 0.999999999999997 	1	17	677	18010
GO:0072523	 0.869259081400635 	1	17	412	18275
GO:0080090	 0.999999999999875 	4	14	4410	14277
GO:0080134	 0.999999999999948 	1	17	683	18004
GO:0080135	 0.728599652858244 	1	17	320	18367
GO:0090304	 0.660600580007081 	3	15	1997	16690
GO:0090305	 0.361426578728328 	1	17	154	18533
GO:0097159	 0.248414446839122 	8	10	5471	13216
GO:2000112	 0.99999999999992 	3	15	2929	15758
GO:2000113	 0.999999999999243 	1	17	906	17781
GO:2000177	 0.0300224082012357 	1	17	45	18642
GO:2000779	 0.0825854556976447 	1	17	65	18622
GO:2000781	 0.0344084232181948 	1	17	47	18640
GO:2001020	 0.296448925609489 	1	17	132	18555
GO:2001022	 0.175284397747235 	1	17	94	18593
GO:2001032	 0.0300224082012357 	1	17	45	18642
GO:2001034	 0.0279245761030234 	1	17	44	18643
GO:2001141	 0.99999999999973 	3	15	2610	16077
GO:2001251	 0.145829289354116 	1	17	85	18602
