-47	-44.11
-41.5	-43.97
-36.5	-44.22
-31.5	-44.52
-25.5	-44.73
-19.5	-44.47
-14	-45.23
-7.5	-44.57
0	-46.21
7.5	-46.34
15	-44.16
22.5	-46.88
30	-45.02
37.5	-45.53
44.5	-45.76
52	-45.56
60	-45.76
68	-46.4
76.5	-45.03
85	-44.61
93	-46.14
102	-44.27
111.5	-43.4
120.5	-44.55
130	-45.2
139.5	-44.05
149	-44.87
159	-45.84
168.5	-46.08
178	-45.61
188	-44.5
197.5	-44.96
207	-45.47
217	-44.65
227	-45.13
237	-44.95
247	-46.54
257.5	-44.65
268	-44.07
278.5	-44.27
289.5	-45.57
300	-45.34
310.5	-44.99
321.5	-45.06
332	-45.83
342.5	-44.63
353.5	-44.69
364.5	-44.76
375.5	-43.98
386.5	-44.16
398	-46.19
409	-45.74
419.5	-45.48
430.5	-46.06
441	-45.05
451.5	-45.69
462.5	-46.21
473.5	-46.55
485	-44.58
496.5	-44.81
508	-45.05
520	-45.3
532.5	-46.15
545	-45.39
557	-44.94
569	-45.49
581.5	-45.21
594	-45.72
606	-44.39
618	-44.86
630	-44.1
642	-45.52
654	-45.78
666.5	-45.8
679.5	-46.2
692.5	-45.86
705	-44.36
717.5	-45.98
730.5	-46.06
743.5	-44.82
756.5	-45.33
769	-44.22
781	-45.03
793.5	-44.28
806	-44.84
818	-44.59
830	-45.61
841.5	-45.44
853	-45.52
865.5	-44.22
879	-44.87
892.5	-44.37
906	-44.91
920	-45.05
934.5	-45.18
949	-45.42
963	-45.76
977.5	-44.8
992	-44.42
1006	-44.61
1020	-44.67
1034	-44.8
1048	-44.74
1062	-45.3
1076	-45.05
1090	-44.83
1104	-44.67
1118.5	-44.5
1133	-40.72
1146.5	-41.51
1160	-44.23
1173.5	-45.59
1186.5	-41.51
1199.5	-45.16
1212.5	-44.49
1226	-44.88
1239.5	-46.11
1253	-44.57
1266.5	-44.6
1280	-46.06
1293.5	-45.77
1306.5	-45.5
1320	-44.67
1333.5	-44.84
1346	-42.32
1355	-45.81
1361	-45.84
1366.5	-43.93
1372	-45.43
1378	-44.3
1384.5	-42.88
1391.5	-45.09
1398.5	-44.05
1406.5	-46.29
1415	-44.96
1423.5	-45.04
1432	-44.97
1440	-45.52
1448	-44.56
1455.5	-43.28
1462.5	-44.55
1469.5	-42.88
1476.5	-44.06
1483.5	-46.46
1490.5	-45.95
1498	-46.26
1505.5	-45.21
1512.5	-44.84
1519.5	-44.99
1526.5	-45.95
1533.5	-44.9
1540.5	-45.02
1547.5	-44.31
1554.5	-45.36
1561.5	-45.82
1568.5	-45
1575.5	-45.15
1582.5	-43.33
1590	-43.93
1597.5	-44.78
1604.5	-45.62
1612	-46.24
1619.5	-44.16
1627	-43.51
1634.5	-44.33
1642	-46.32
1649.5	-45.16
1656.5	-45.38
1663.5	-45.04
1670	-43.71
1676.5	-44.68
1683.5	-44.39
1690.5	-44.2
1697.5	-43.97
1705	-44.26
1712.5	-45.46
1720	-45.27
1727.5	-46.05
1735	-44.33
1742.5	-45.48
1750	-44.69
1757.5	-44.61
1764.5	-45.43
1771.5	-45.25
1778.5	-44.85
1785.5	-45.27
1793	-44.72
1800.5	-42.54
1808	-44.28
1816.5	-44.34
1825	-44.65
1833	-43.98
1841.5	-44
1850	-45.44
1858	-44.25
1866	-45.5
1874	-46.13
1882	-45.05
1890	-46.09
1898	-45.28
1906	-43.93
1913.5	-44.55
1921	-44.25
1928.5	-43.97
1935.5	-43.49
1943	-44.37
1950.5	-44.5
1957.5	-44.87
1964.5	-44.52
1971.5	-44.36
1978.5	-45.54
1985.5	-44.91
1992.5	-44.74
2000	-43.4
2007.5	-43.94
2014.5	-45.56
2022	-44.35
2029.5	-43.32
2037	-45.69
2044.5	-43.68
2051.5	-43.34
2058.5	-45.63
2065.5	-44.39
2072.5	-44.12
2079.5	-45.8
2086.5	-45.8
2094	-45.34
2101.5	-46.14
2108.5	-46.99
2115.5	-43.95
2122.5	-44.98
2129.5	-44.43
2137	-44.39
2144.5	-45.69
2151.5	-44.1
2159	-43.65
2167	-43.38
2175	-42.31
2182.5	-43.78
2190	-45.85
2198	-45.55
2205.5	-45.76
2212.5	-45.63
2220	-45.74
2227.5	-44.24
2234.5	-44.31
2242	-44.24
2249.5	-44.06
2256.5	-44.74
2264	-43.06
2272	-44.04
2280	-45.47
2288	-46.13
2295.5	-44.69
2303	-45.78
2311.5	-45.21
2321	-45.11
2330.5	-44.1
2340	-44.62
2349.5	-43.91
2358.5	-45.39
2367	-45.07
2375.5	-43.95
2384	-44.08
2392.5	-45.09
2401	-44.54
2409.5	-44.93
2418	-44.08
2426.5	-44.84
2435	-44.1
2443.5	-44.86
2452	-45.58
2460.5	-45.87
2469	-44.69
2477	-44.68
2485	-46.11
2493	-44.89
2501	-44.62
2509	-44.51
2517	-45.02
2525	-45.53
2532.5	-44.54
2540	-44.42
2547.5	-45.07
2555	-46.67
2563	-45.41
2571	-43.89
2579	-45.66
2586.5	-45.92
2594	-45.38
2602	-45.56
2610	-43.57
2617.5	-45.1
2624.5	-44.02
2632	-45.02
2639.5	-45.1
2646.5	-43.52
2654	-44.17
2662	-44.76
2670	-45.47
2678	-45.62
2685.5	-44.64
2693	-44.53
2701	-44.14
2709	-44.53
2716.5	-43.59
2724	-44.87
2731.5	-44.67
2739	-44.04
2746.5	-44.65
2753.5	-44
2760.5	-45.85
2768	-44.96
2775.5	-44.03
2782.5	-44.87
2789.5	-45.01
2796.5	-43.55
2803.5	-42.97
2810.5	-44.11
2817.5	-44.44
2824.5	-44.64
2831.5	-45.26
2838.5	-43.65
2845.5	-44.39
2852.5	-43.21
2859.5	-44.31
2867	-44.87
2874.5	-44.29
2882	-44.14
2890	-43.33
2897.5	-42.55
2905	-44.75
2912.5	-45.32
2920	-44.51
2927.5	-44.95
2935	-44.53
2942.5	-44.48
2950	-44.37
2957.5	-43.85
2965	-44.25
2973	-44.13
2981	-44.56
2989	-44.01
2997	-45.09
3005	-44.5
3013	-44.71
3020.5	-44.09
3028	-45.27
3036	-43.88
3043.5	-45.61
3051	-45.36
3058.5	-45.9
3066	-45.15
3073.5	-44.79
3081	-44.98
3088.5	-43.54
3095.5	-44.91
3103	-44.79
3110.5	-45.65
3118	-45.53
3125.5	-43.99
3133	-44.16
3140.5	-45.09
3148	-45.48
3155.5	-45.68
3163	-45.17
3171	-44.35
3179.5	-43.63
3188.5	-42.64
3197	-44.89
3205.5	-44.03
3214	-44.84
3222	-45.03
3230	-44.45
3238.5	-44.63
3247	-44.41
3255	-44.59
3263.5	-45.7
3272	-44.24
3280	-45.63
3288	-44.35
3296	-44.59
3304	-44.87
3312	-44.7
3320	-44.35
3328	-43.93
3336	-43.83
3344	-44.19
3352.5	-43.8
3361	-44.62
3369	-44.76
3377	-44.27
3385	-44.36
3393.5	-43.65
3402	-43.96
3410	-44.49
3418	-43.27
3426	-43.42
3434	-43.61
3442	-44.35
3450.5	-44.58
3459	-45.32
3467	-45.15
3474.5	-45.57
3482	-45.32
3490	-44.81
3498	-47.07
3506.5	-43.85
3515	-44.98
3523	-43.36
3531	-44.66
3539	-43.64
3546.5	-45.36
3554.5	-44.71
3563	-44.74
3571	-44.56
3579	-45.11
3587.5	-45.19
3596	-44.69
3604	-45.09
3612	-44.93
3619.5	-43.83
3626.5	-44.25
3633.5	-44.21
3641	-44.02
3648.5	-43.99
3655.5	-44.54
3662.5	-44.78
3670	-45.46
3678	-44.85
3686	-44.95
3693.5	-42.12
3701	-44.34
3709	-44.42
3717	-43.71
3725	-45.05
3733	-44.68
3740.5	-43.61
3748	-43.47
3756	-44.21
3764	-45.48
3772.5	-44.31
3781	-44.57
3789	-43.33
3797.5	-43.79
3806	-44.7
3814	-45.36
3822	-43.94
3830	-44.34
3837.5	-45.35
3845	-45.25
3852.5	-44.89
3860	-43.64
3868	-44.42
3876	-43.61
3884.5	-44.67
3893.5	-44.31
3902.5	-42.9
3911	-43.23
3919.5	-43.59
3928.5	-44.47
3937.5	-44.53
3946.5	-43.95
3955	-44.68
3963.5	-44.09
3972	-44.12
3980.5	-45.42
3989	-45.16
3997.5	-44.9
4006	-44.61
4014	-45.24
4022	-44.84
4030	-43.83
4038	-44.13
4046	-44.86
4054	-44.48
4062	-44.5
4070	-45.1
4078	-44.51
4086	-44.43
4094	-43.22
4102	-44.17
4110	-44.5
4118	-44.1
4126	-43.4
4134	-43.99
4142	-44.7
4150	-44.43
4158	-44.62
4166	-44.91
4174.5	-43.7
4182.5	-45.76
4190	-44.72
4198	-43.95
4206	-44.9
4214	-43.57
4222	-44.02
4230	-43.39
4238	-45.25
4245.5	-44.08
4253	-43.85
4261	-43.9
4269	-44.03
4276.5	-43.34
4284	-44.64
4292	-45.6
4299.5	-43.73
4307	-44.75
4315	-45.7
4323	-43.68
4331.5	-44.14
4340	-44.24
4348.5	-43.53
4357	-44.36
4365	-44.33
4373	-46.33
4381	-44.24
4389	-43.2
4397.5	-44.95
4406	-45.15
4414	-45.29
4422	-45.5
4430	-44.52
4438	-44.83
4446.5	-44.33
4455	-44.99
4463	-44.24
4471	-44.29
4479	-44.35
4487	-44.7
4495	-43.88
4503	-44.74
4510.5	-44.37
4518.5	-45.34
4527	-45.4
4535.5	-44.81
4544.5	-42.87
4553.5	-44.11
4562	-44.26
4570.5	-43.42
4579.5	-43.54
4588	-45.01
4596.5	-44.34
4605	-45.14
4613.5	-44.24
4622.5	-44.48
4631	-45.45
4639.5	-44.64
4648	-44.84
4656	-44.55
4664.5	-45.32
4673	-44.97
4681.5	-44.87
4690	-43.94
4698	-44.16
4706.5	-43.45
4715	-44.85
4723	-45.56
4731	-44.5
4739	-44.85
4747	-44.92
4755	-44.21
4763	-45.64
4771.5	-44.94
4780	-43.25
4788.5	-43.47
4797	-44.37
4805	-44.89
4813.5	-44.49
4822	-44.21
4830.5	-44.46
4839.5	-44.25
4848	-44.1
4856.5	-44.76
4865	-44.66
4873.5	-44.18
4882	-44.49
4890	-44.24
4898	-42.87
4906	-42.08
4914.5	-43.88
4923	-45.46
4931	-43.45
4939	-44.19
4947	-45.07
4955.5	-44.4
4964	-43.69
4972.5	-43.75
4981	-44.59
4989.5	-44.91
4998.5	-45.01
5007.5	-44.58
5016	-45.6
5024.5	-44.66
5033.5	-44.66
5042	-43
5050.5	-44.78
5059.5	-45.12
5068.5	-45.1
5077.5	-44.46
5086.5	-44.52
5095.5	-44.65
5104.5	-46.23
5113	-44.62
5121.5	-43.64
5130	-45.07
5138.5	-43.99
5147	-44.45
5155.5	-44.8
5164	-45.43
5172.5	-46.46
5181	-44.28
5189	-43.64
5197	-43.49
5205.5	-44.08
5214	-44.46
5222.5	-44.66
5231.5	-44.48
5240.5	-44.18
5249.5	-43.15
5258.5	-44.88
5267.5	-44.03
5276.5	-44.27
5285	-43.3
5293.5	-44.03
5302	-44.12
5310.5	-44.26
5319.5	-44.22
5328	-44.89
5336.5	-45.52
5345	-45.01
5353	-43.76
5361.5	-45.97
5370.5	-45.73
5379	-45.05
5387.5	-45.02
5396	-44.35
5404.5	-45.4
5413.5	-43.78
5423	-44.35
5433	-44.63
5443	-43.51
5453	-44.37
5462.5	-44.82
5471.5	-44.14
5481	-44.45
5490.5	-43.27
5499.5	-45.58
5508.5	-44.34
5518	-44.62
5528	-45.07
5538	-46.2
5548	-44.46
5557.5	-44.1
5566.5	-44.86
5575	-45.3
5583	-44.32
5591.5	-44.78
5600	-44.08
5608.5	-45.41
5617	-44.47
5625.5	-44.19
5634.5	-44.76
5643.5	-44.08
5652.5	-44.81
5661.5	-45.93
5670.5	-44.56
5679.5	-45.57
5688.5	-44.78
5697.5	-44.59
5706.5	-44.48
5715	-44.87
5723.5	-44.22
5732.5	-44.28
5741.5	-42.98
5750.5	-43.49
5759	-44.44
5767.5	-44.77
5776	-44.02
5784	-44.1
5792.5	-42.72
5801	-44.21
5809	-44.83
5817.5	-44.65
5826.5	-44.15
5835	-45.52
5843.5	-44.82
5852.5	-44.5
5861	-44.11
5869	-45.22
5877.5	-44.73
5886	-45.01
5894.5	-44.67
5903.5	-45.01
5912.5	-44.86
5921.5	-45.16
5931	-43.91
5940.5	-43.13
5950	-44.58
5959.5	-43.55
5969	-45.19
5979	-45.32
5989	-43.71
5998.5	-44.53
6007.5	-44.26
6016.5	-45.46
6025.5	-45.83
6034.5	-44.68
6043.5	-42.87
6052.5	-43.64
6061.5	-44.42
6071	-44.63
6080.5	-44.37
6089.5	-42.83
6099	-43.85
6117.5	-45.23
6127	-44.4
6136.5	-44.5
6145.5	-44.36
6155	-45.32
6164.5	-44.6
6173.5	-44.77
6182.5	-43.47
6192	-45.19
6201.5	-44.58
6210.5	-46.27
6220	-44.45
6229.5	-44.37
6239	-44.25
6249	-44.12
6258.5	-45.35
6268	-44.7
6278	-45.37
6288.5	-45.11
6299	-44.62
6309	-43.82
6318.5	-45.45
6328	-45.22
6338	-44.38
6348	-44.69
6358	-45.97
6368.5	-44.87
6379	-45.14
6389	-44.5
6399	-46.11
6409	-45.45
6419	-43.95
6429	-43.84
6438.5	-43.97
6447.5	-44.62
6456.5	-44.17
6465.5	-44.9
6475	-43.17
6484.5	-44.98
6494	-44.38
6504.5	-44.12
6515	-44.1
6525.5	-45.23
6535.5	-44.24
6545	-44.33
6554.5	-44.75
6564	-44.46
6574	-45.3
6584	-45.51
6594.5	-44.47
6605.5	-44.64
6616	-43.78
6626.5	-44.21
6637	-42.83
6647	-44.53
6657.5	-44.47
6668	-44.83
6678	-44.19
6687.5	-43.68
6697	-44.29
6707	-44.34
6717	-45.66
6726.5	-44.83
6736	-45.32
6746	-44.89
6756	-45.21
6765.5	-43.93
6775.5	-45.45
6786	-43.63
6796.5	-44.48
6807	-44.58
6817	-43.92
6827	-44.84
6836.5	-44.85
6846	-44.8
6855.5	-45.08
6865	-44.58
6874.5	-44.08
6883.5	-44.28
6892	-45.39
6900.5	-44
6910	-44.79
6919.5	-44.95
6929	-44.45
6939	-44.62
6948.5	-44.7
6958	-46.7
6968	-45
6978	-43.63
6987.5	-44.01
6997	-44.37
7007	-43.81
7017	-44.66
7027	-45.52
7037	-44.86
7047	-44.27
7057.5	-45.32
7068	-44.02
7078	-44.72
7088	-45.27
7097.5	-45.23
7107.5	-44.56
7118	-44.74
7128	-45.79
7138	-45.4
7148.5	-44.83
7159	-44.15
7170	-44.93
7181.5	-44.42
7192.5	-45.08
7203.5	-44.91
7214.5	-44.41
7225	-45.4
7235.5	-44.92
7246	-44.69
7256.5	-44.67
7267	-45.94
7277.5	-44.73
7288	-44.28
7297.5	-44.33
7307	-44.93
7316.5	-44.67
7325.5	-45.35
7335	-44.26
7344.5	-44.48
7354.5	-43.26
7365.5	-45.19
7376	-45.4
7386.5	-46.33
7397	-44.68
7407.5	-45.51
7418.5	-44.5
7429.5	-44.72
7440	-44.8
7450.5	-46.43
7461	-43.89
7471	-44.81
7481	-45.07
7501	-44.8
7511	-45.97
7521	-44.46
7531	-44.88
7540.5	-45.07
7549.5	-44.1
7559	-44.84
7568.5	-44.85
7577.5	-44.52
7587	-44.68
7596.5	-44.76
7606	-45.18
7615.5	-44.73
7624.5	-44.82
7634.5	-43.74
7645	-45.43
7655	-45.33
7665.5	-45.82
7676	-45.76
7685.5	-45.76
7695	-45.2
7704.5	-45.49
7714	-45.14
7723.5	-44.03
7733	-43.31
7743	-45.06
7753	-45.61
7763	-44.96
7773	-44.92
7782.5	-45.39
7792	-44.05
7802	-45.32
7812	-45.4
7822.5	-44.01
7833.5	-45.24
7844	-45.42
7854.5	-44.85
7865	-45.33
7875	-45.27
7885	-45.32
7895	-45.08
7905.5	-45.03
7916	-45.49
7926	-44.28
7936	-44.25
7946	-46.15
7956.5	-45.09
7967	-45.33
7977	-46.81
7987.5	-45.14
7998	-45.49
8008.5	-45.33
8019	-45.71
8029.5	-45.74
8040	-45.09
8050.5	-44.79
8061.5	-45.56
8072.5	-45.75
8083	-45.12
8093.5	-44.93
8104	-45.62
8113.5	-45.78
8123	-44.74
8133	-44.84
8143.5	-44.57
8154.5	-44.49
8165.5	-46.1
8176.5	-45.52
8187.5	-45.22
8198.5	-46.23
8209.5	-46.29
8220	-44.87
8230.5	-44.34
8241	-46.33
8251	-44.95
8261	-44.37
8271	-44.41
8281.5	-44.19
8292	-45.96
8302	-45.23
8312	-45.53
8322.5	-45.75
8333	-46.22
8343.5	-45.75
8354	-45.7
8364.5	-45.35
8375.5	-45.93
8386	-45.31
8396.5	-45.21
8407.5	-45.2
8418	-44.61
8428.5	-45
8439	-44.7
8449	-46.22
8459	-44.16
8469	-45.97
8479	-45.06
8489	-44.74
8499	-45.62
8509	-45.47
8519.5	-44.29
8530	-46.24
8540	-44.66
8550.5	-45.76
8561	-45.46
8571	-44.93
8581	-45.53
8591	-45.06
8601	-45.15
8611	-46.76
8621	-46.73
8631.5	-45.63
8642	-44.69
8652	-45.27
8662.5	-45.1
8673	-45.26
8683.5	-44.65
8694.5	-45.3
8705.5	-44.88
8716.5	-44.85
8727.5	-45.4
8738.5	-45.29
8749	-44.78
8759.5	-46.29
8770	-43.43
8780.5	-44.24
8791.5	-45.12
8803	-44.94
8814.5	-46.31
8826	-46.26
8837.5	-45.91
8848	-44.7
8858.5	-43.42
8869	-44.85
8879.5	-44.9
8890	-45.24
8900.5	-45.87
8911	-45.11
8921.5	-44.88
8932.5	-45.76
8943	-45.4
8953	-45.14
8963.5	-44.52
8974	-44.64
8984.5	-45.02
8995	-43.92
9005.5	-45.53
9016	-45.82
9026.5	-45.66
9037.5	-45.78
9048	-45.17
9058.5	-45.25
9069	-44.47
9079	-42
9089	-44.57
9099.5	-46.31
9110.5	-45.04
9121.5	-44.66
9132.5	-44.33
9143.5	-46.04
9154.5	-44.89
9165.5	-45.09
9176	-43.65
9186.5	-44.34
9197	-44.9
9207	-44.26
9217	-44.2
9227	-45.07
9237.5	-45.73
9248.5	-45.35
9283	-45.6
9295	-44.32
9307	-45.17
9319.5	-44.93
9332	-45.1
9343.5	-45.35
9354.5	-46.14
9365.5	-44.27
9376.5	-44.87
9387	-45.72
9397.5	-44.94
9408	-45.14
9418	-44.77
9428.5	-44.77
9439	-44.84
9449	-45.13
9459.5	-44.44
9470.5	-43.75
9482	-45.72
9493.5	-45.46
9505	-44.51
9517	-44.69
9528.5	-43.71
9539.5	-44.38
9573	-44.22
9583.5	-45.35
9594.5	-44.89
9605.5	-44.09
9616.5	-43.23
9627.5	-44.82
9638.5	-43.91
9649.5	-44.81
9660	-44.46
9670.5	-44.94
9681	-44.86
9691	-44.39
9701	-45.24
9711.5	-46.25
9722	-43.99
9732	-43.93
9742	-44.16
9751.5	-44.82
9761	-44.56
9770.5	-44.58
9780	-44.63
9790.5	-43.93
9801.5	-45.71
9813	-45.45
9824.5	-44.17
9836	-44.31
9847.5	-44.06
9859	-44.32
9870.5	-44.93
9882	-44.64
9893	-43.88
9903.5	-44.52
9915	-44.69
9926.5	-43.91
9938	-44.18
9949.5	-44.52
9960.5	-45.13
9972	-44.29
9983	-44.57
9993.5	-44.23
10004	-45.01
10014.5	-45.37
10025	-44.64
10035	-45.54
10045	-44.71
10055.5	-44.84
10066.5	-43.6
10077.5	-45.43
10088.5	-44.28
10099	-44.56
10109.5	-44.98
10120	-44.78
10130	-42.94
10140.5	-43.72
10151.5	-44
10162	-44.77
10172.5	-45.28
10183.5	-45.17
10194.5	-43.33
10205.5	-44
10217	-44.83
10228.5	-44.55
10239.5	-44.47
10251	-44.02
10263	-44.84
10274.5	-43.57
10285.5	-44.58
10296	-44.23
10306.5	-44.82
10317	-44.22
10327	-43.81
10337.5	-44.63
10348.5	-44.15
10360	-43.95
10371.5	-45.13
10382.5	-44.28
10394	-44.51
10405.5	-43.57
10416.5	-44.43
10428	-44.81
10439.5	-45.5
10450.5	-42.89
10461	-43.57
10470.5	-44.06
10480	-44.68
10490	-44.09
10499.5	-44.95
10509	-44.19
10518.5	-43.49
10528	-44.6
10538	-43.59
10548	-44.75
10559	-44.65
10570.5	-44.13
10581.5	-44.68
10592.5	-43.78
10603.5	-43.71
10615	-44.21
10626.5	-44.12
10637.5	-45.05
10648	-43.76
10658.5	-43.99
10669.5	-44.91
10680	-43.64
10690.5	-44.46
10701.5	-45.46
10712.5	-44.92
10723.5	-43.44
10734.5	-43.46
10746	-44.28
10757.5	-44.58
10769	-43.76
10780.5	-44.7
10791.5	-45.07
10802.5	-43.56
10813.5	-44.88
10824	-43.63
10834.5	-43.77
10845	-44.64
10855.5	-44.91
10867	-44.05
10879	-44.76
10890.5	-43.72
10901.5	-44.27
10912.5	-44.25
10923.5	-45.19
10934.5	-44.39
10945.5	-44.01
10957.5	-43.89
10970	-44.93
10982	-45.3
10993.5	-45.73
11004.5	-44.9
11015.5	-44.86
11026.5	-44.77
11037.5	-44.55
11049	-44.46
11060.5	-44.74
11072	-45.42
11083.5	-44.35
11095	-43.57
11107	-44.49
11119	-43.33
11131	-43.8
11143	-43.8
11155	-43.08
11166.5	-43.91
11177.5	-44.53
11188.5	-44.59
11199	-44.92
11209.5	-43.62
11220.5	-44.07
11232	-44.97
11243.5	-44.11
11255	-44.56
11267	-44.98
11279	-43.98
11291	-43.86
11302.5	-44.35
11313.5	-44.17
11324.5	-45.16
11335.5	-44.04
11346.5	-45.29
11357.5	-44.63
11369	-45.97
11380.5	-45.14
11391.5	-44.7
11403	-45.29
11414.5	-45.68
11425.5	-45.45
11436	-45.51
11446.5	-44.98
11456.5	-43.62
11466	-42.85
11476	-43.59
11486	-44.32
11495.5	-43.8
11504.5	-43.98
11514	-43.94
11524	-43.67
11534.5	-45.12
11545	-43.96
11555.5	-44.32
11566.5	-45.73
11577.5	-44.1
11588	-44.59
11598.5	-43.58
11609.5	-43.97
11619.5	-45.08
11629	-44.24
11639	-43.5
11649	-44.44
11659	-45.11
11668.5	-44.98
11678	-44.69
11688	-45.49
11698	-44.49
11708	-44.21
11718	-44.76
11728	-45.2
11738	-44.32
11748	-44.75
11757.5	-44.12
11767	-46.04
11777	-43.67
11787	-43.54
11797.5	-45.09
11808.5	-44.99
11819.5	-45.45
11831	-45.36
11842.5	-43.96
11853.5	-44.81
11864.5	-44.35
11875.5	-45.43
11886.5	-44.71
11897.5	-45.6
11909	-44.88
11920.5	-44.74
11932	-45.04
11943.5	-44.98
11955	-44.97
11967	-45.73
11978.5	-45.65
11989.5	-44.87
12001	-45.79
12012.5	-45.36
12023.5	-45.58
12035	-45.07
12047	-45.13
12059	-45.51
12071	-46.23
12083.5	-45.48
12096	-44.66
12108.5	-45.87
12121.5	-46.02
12134.5	-46.6
12147.5	-46.64
12160.5	-45.74
12173.5	-44.91
12186	-45.3
12198	-46.26
12210	-46.23
12222	-46.3
12233.5	-46.39
12245	-44.93
12257	-45.94
12268.5	-45.82
12280	-45.98
12292.5	-45.69
12305	-45.72
12317.5	-46.91
12330.5	-46.24
12343	-46.22
12355.5	-46.96
12368	-46.54
12380	-46.8
12392	-46.13
12404	-46.01
12416	-46.28
12428	-46.89
12440	-46.9
12451.5	-46.73
12463	-47.03
12474.5	-46.43
12486	-45.97
12498.5	-47.16
12511	-46.79
12524	-46.79
12537.5	-46.99
12550.5	-46.94
12564	-47.37
12578	-47.66
12592	-47.38
12606	-45.77
12620	-46.35
12634	-47.25
12648	-47
12661.5	-47.21
12675	-47.77
12689	-47.59
12703	-46.76
12717	-47.16
12731	-46.58
12745	-47.03
12760.5	-47.25
12777	-48.87
12793.5	-47.3
12811	-46.48
12827.5	-46.47
12842.5	-46.68
12857	-47.05
12870.5	-47.27
12884	-47.49
12898	-47.37
12912	-47.42
12926.5	-48.47
12941.5	-47.81
12956	-47.88
12970.5	-46.9
12985	-48.01
12999	-47.22
13013	-47.75
13027	-47.21
13040.5	-47.55
13054	-47.29
13068	-47.59
13082	-47.87
13096	-48.19
13110.5	-47.29
13125	-45.98
13139	-46.86
13152.5	-47.44
13165.5	-47.16
13178.5	-46.97
13191.5	-47.01
13204.5	-47.34
13217.5	-47.13
13230.5	-46.53
13243.5	-46.81
13256.5	-46.54
13269	-46.49
13281.5	-47.44
13294	-47.42
13306.5	-47.49
13319.5	-47
13332.5	-47.81
13345.5	-46.99
13359	-47.5
13373	-47.24
13387	-47.63
13401	-47.57
13415	-47.88
13429	-47.32
13443	-47.61
13457	-46.6
13471	-46.17
13484.5	-46.26
13497.5	-47.18
13510.5	-47.58
13523	-46.9
13535.5	-48.02
13549	-48.19
13562.5	-47.39
13576	-47.21
13590.5	-48.43
13605	-47.33
13619.5	-47.84
13634.5	-47.32
13649	-47.82
13663.5	-47.81
13678.5	-47.07
13693	-47.89
13707	-47.5
13721.5	-46.46
13736	-47.73
13750.5	-47.84
13765	-47.82
13779	-48.24
13792.5	-49.15
13806	-48.74
13820	-47.68
13833.5	-48.4
13847	-46.19
13861	-48.08
13875.5	-47.24
13890.5	-47.39
13905	-46.6
13919	-46.84
13932.5	-47.14
13946	-46.78
13959	-47.99
13971.5	-48.17
13984	-46.81
13996	-47.7
14009	-47.96
14022.5	-48.14
14035.5	-46.3
14049	-47.72
14063	-46.21
14077	-47.24
14091	-46.6
14104.5	-48
14117.5	-48.18
14130.5	-46.3
14143	-46.1
14155.5	-47.18
14168	-46.24
14180.5	-47.38
14193.5	-45.78
14206.5	-47.1
14219	-45.49
14231.5	-46.91
14243	-46.93
14253.5	-47.2
14264.5	-46.46
14275.5	-47.46
14286.5	-47.79
14297.5	-46.44
14308.5	-47.88
14320	-46.81
14331.5	-46.98
14342.5	-47.2
14354	-47.76
14366	-48
14378	-47.53
14390.5	-46.93
14403.5	-47.5
14416.5	-46.71
14428.5	-46.43
14440	-46.24
14451.5	-46.41
14462.5	-47.43
14474	-45.72
14486	-47.78
14498	-46.54
14510	-47.04
14522	-46.66
14533.5	-46.64
14545	-46.67
14557	-47.58
14569	-47.41
14581	-47.06
14593.5	-47.47
14606	-47.13
14619	-47.65
14632.5	-46.57
14645.5	-46.2
14659	-47.04
14672.5	-47.73
14685.5	-46.34
14698	-46.02
14710	-47.67
14721.5	-48.48
14732	-47.45
14743	-46.73
14755	-47.02
14767	-47.22
14779	-47.12
14791	-47.61
14803	-46.88
14815	-47.53
14827	-48.02
14839.5	-47.4
14852	-46.91
14864	-46.29
14876	-46.56
14888.5	-46.92
14901.5	-47.35
14914.5	-47.35
14927.5	-47.21
14940	-47.15
14951.5	-47.93
14963	-47.96
14974.5	-48.29
14987	-47.76
15000.5	-48.03
15013.5	-47.22
15026.5	-47.61
15039.5	-47.04
15052.5	-47.81
15065	-48.04
15077.5	-48.25
15090	-47.39
15102.5	-46.97
15115.5	-47.97
15128	-47.46
15140.5	-47.63
15153.5	-47.38
15166.5	-47.69
15179.5	-46.99
15192.5	-47.76
15219	-46.55
15233	-47.49
15260	-46.75
15274	-47.77
15287.5	-47.64
15301	-48.61
15314.5	-48.1
15328	-47.94
15341.5	-46.97
15355	-46.44
15368.5	-47.19
15382	-47.86
15395.5	-47.67
15408	-47.63
15420.5	-47.82
15433.5	-48.05
15446	-47.94
15458.5	-47.28
15472	-48.34
15485.5	-46.85
15498.5	-47.43
15511.5	-47.53
15524.5	-48.16
15537.5	-47.67
15551	-47.67
15578	-47.61
15591.5	-47.17
15604.5	-47.09
15617.5	-48.09
15630	-47.04
15642.5	-47.4
15668.5	-48.86
15681.5	-47.51
15694.5	-46.91
15707.5	-47.39
15720.5	-47.57
15733.5	-48.03
15747	-47.07
15760.5	-46.68
15774	-47.68
15787.5	-46.69
15801	-47.47
15815	-48.82
15828.5	-48.57
15842	-49.13
15855.5	-49.32
15869	-47.96
15897	-47.8
15911	-48.04
15925	-48.26
15939	-48.82
15953.5	-48.92
15968.5	-48.17
15983.5	-48.33
15999	-48.59
16014.5	-49.45
16029.5	-49.04
16044.5	-48.63
16059	-49.46
16073.5	-48.83
16088	-48.99
16102	-48.24
16116	-48.34
16130	-48.47
16144	-49.08
16158	-49.23
16172.5	-48.15
16187.5	-49.89
16202.5	-48.33
16217.5	-49.41
16233	-49.34
16248.5	-47.78
16263.5	-46.77
16278.5	-48.18
16293.5	-48.65
16308	-48.84
16323	-49.46
16338.5	-50.42
16354	-48.07
16369.5	-49.03
16384.5	-50.32
16400	-49.46
16415.5	-49.39
16431	-48.45
16447.5	-49.22
16464	-49.43
16480	-50.05
16496.5	-48.95
16529	-48.14
16544.5	-49.13
16560	-50.18
16575.5	-48.67
16590.5	-49.29
16606	-50.18
16621.5	-49.54
16637	-48.51
16653	-50.05
16669	-50.71
16685.5	-49.99
16702	-49.15
16718	-49.98
16734.5	-50.13
16751	-50.27
16768	-49.63
16785.5	-49.93
16803	-49.66
16821.5	-50
16840.5	-50.14
16859.5	-49.41
16878	-49.06
16896	-49.55
16913.5	-49.2
16930.5	-50.14
16948	-49.64
16965.5	-49.19
16982.5	-49.94
16999.5	-48.87
17016.5	-50.68
17033.5	-49.33
17051	-49.97
17068.5	-50.37
17085.5	-49.81
17102.5	-50.04
17120	-49.61
17157	-50.3
17175	-50.04
17193	-49.83
17211	-49.65
17229	-50.35
17247	-49.16
17265	-49.31
17283.5	-49.68
17302	-50.07
17320.5	-50.7
17339.5	-50.54
17358.5	-51.2
17378.5	-50.91
17399	-51.45
17419	-49.84
17439.5	-51.23
17460	-50.68
17480	-51.03
17500.5	-50.56
17521.5	-50.39
17541.5	-50.61
17560.5	-50.9
17579.5	-50.43
17598.5	-51.9
17618	-50.76
17638	-50.29
17658	-51.04
17678.5	-50.52
17699	-50.37
17719	-50.09
17739	-51.2
17759	-51.14
17779.5	-50.43
17800	-50.83
17821	-50.82
17842.5	-51.2
17864	-51.53
17885.5	-51.24
17906.5	-50.78
17927.5	-50.99
17968.5	-51.06
17989.5	-50.56
18010	-51.15
18030.5	-50.55
18051	-49.68
18072	-50.16
18093.5	-50.46
18114.5	-49.51
18136	-49.76
18157.5	-50.7
18179	-50.2
18201	-51.12
18222.5	-50
18244	-50.12
18266	-50.34
18288.5	-50.15
18311	-50.43
18334	-51.26
18357.5	-50.56
18379.5	-51.23
18400.5	-51.14
18422	-52.23
18444	-50.8
18465.5	-51.19
18487	-50.55
18509.5	-51.81
18532.5	-51.43
18555.5	-51.75
18578	-51.02
18600.5	-51.09
18623.5	-50.66
18646.5	-51.25
18669.5	-51.34
18692	-50.96
18714.5	-49.6
18737.5	-51.37
18760.5	-52
18783.5	-50.76
18806.5	-51.26
18829.5	-52
18853	-50.59
18876.5	-51.04
18899	-50.14
18921.5	-49.23
18944	-51.02
18967.5	-51.05
18992	-51.23
19016	-50.37
19039.5	-50.77
19062.5	-50.77
19085	-50.41
19107.5	-50.92
19130.5	-50.07
19153	-51.1
19175.5	-50.69
19197	-50.65
19217	-49.92
19238.5	-50.8
19261.5	-51.8
19284	-49.5
19306.5	-50.31
19329.5	-49.63
19352.5	-51.45
19375.5	-51.14
19398.5	-50.62
19421.5	-50.3
19444.5	-50.85
19467.5	-51.05
19491	-51.05
19515	-52.55
19539	-50.38
19562.5	-50.51
19585.5	-50.73
19609.5	-49.86
19634	-50.22
19658	-51.15
19682	-50.43
19705	-50.31
19727.5	-52.26
19750	-51.68
19772	-50.8
19794	-50.97
19816	-50.84
19839.5	-50.43
19864	-51.2
19889	-49.71
19915	-51.14
19940	-50.35
19964	-51.65
19987	-50.44
20008.5	-51.86
20032.5	-50.96
20059	-50.83
20085	-50.43
20111.5	-51.15
20136.5	-50.48
20159.5	-50.71
20182	-51.17
20204	-50.46
20226	-50.44
20247.5	-51.52
20269.5	-50.34
20292.5	-50.94
20315.5	-50.7
20338	-50.44
20360.5	-50.2
20384	-49.33
20407.5	-51
20431	-50.69
20454	-51.34
20476.5	-51.01
20499	-51.12
20521	-50.41
20544	-52.7
20568	-51.95
20592.5	-50.63
20617.5	-51.11
20644	-51.05
20672	-50.45
20700	-50.18
20728.5	-51.67
20785	-51.58
20812.5	-51.62
20839.5	-51.8
20866	-51.62
20892	-51.44
20918	-51.73
20943.5	-50.67
20969	-50.97
20995.5	-50.66
21021.5	-49.85
21046.5	-51.39
21071.5	-50.72
21096.5	-51.62
21121	-51.22
21145	-50.03
21169.5	-51.66
21194	-49.89
21219	-50.02
21245	-51.11
21271	-50.94
21296.5	-50.78
21321	-51.47
21345	-50.89
21368.5	-51.39
21391	-51.78
21414	-51.46
21437.5	-52.06
21461	-51.08
21485.5	-51
21510	-51.24
21534	-50.9
21558	-50.53
21581.5	-50.63
21605	-51.91
21629	-51.73
21653	-51.93
21677	-50.51
21700.5	-52.15
21723	-50.93
21745	-52.14
21766.5	-49.94
21787.5	-51.36
21808.5	-51.88
21829.5	-51.07
21850	-51.39
21871	-51.03
21893	-51.57
21914.5	-51.65
21958	-51.75
21980	-51.21
22002.5	-50.79
22025	-51.62
22047.5	-50.78
22070.5	-51.17
22093.5	-51.19
22117	-50.9
22141	-50.59
22165	-51.07
22188	-51.42
22210.5	-51.94
22234	-50.65
22257.5	-51.71
22282	-51.22
22307.5	-51.33
22332	-51.66
22355.5	-52.03
22378.5	-51.38
22401	-51.22
22424	-52.11
22447.5	-51.42
22471	-50.6
22494.5	-50.14
22517.5	-51.3
22540	-51.36
22563	-51.46
22586.5	-50.64
22610	-51.67
22634	-51.79
22657.5	-51.5
22681	-51.3
22705	-51.43
22729	-51.05
22752.5	-50.32
22776	-50.76
22800	-51.42
22823.5	-51.3
22847	-51.17
22870.5	-50.21
22894	-51.68
22917.5	-51.94
22940.5	-50.83
22963.5	-51.48
22986	-51.11
23008	-50.84
23030	-49.92
23051.5	-51.8
23072.5	-51.17
23093.5	-50.25
23114	-50.81
23134.5	-49.88
23155.5	-50.89
23176.5	-50.79
23197.5	-49.94
23218.5	-50.8
23239.5	-49.88
23260.5	-50.19
23281.5	-50.64
23302.5	-49.94
23323.5	-50.99
23344.5	-50.11
23365	-51.17
23385	-50.59
23404.5	-50.18
23424	-50.56
23443.5	-50.83
23463	-50.79
23483	-49.62
23502.5	-50.56
23521.5	-49.5
23540.5	-51.26
23560	-49.8
23580	-49.91
23600	-51.65
23619.5	-50.14
23639	-50.54
23659	-50.01
23679	-50.69
23699	-50.98
23719.5	-50.48
23740.5	-50.91
23762	-49.89
23784.5	-50.65
23807.5	-50.45
23831	-52.12
23854.5	-50.99
23877	-50.87
23899	-51.76
23921	-50.82
23943	-50.95
23964.5	-51.65
23985.5	-51.67
24006.5	-50.92
24028.5	-50.47
24051	-51.54
24073	-51.99
24094.5	-52.14
24115	-51.75
24135.5	-51.34
24156	-51.1
24176	-51.67
24196	-52.07
24216	-51.33
24236	-51.8
24256	-52.31
24277	-51.33
24298.5	-51.41
24319.5	-51.64
24341	-50.65
24362.5	-51.58
24384	-51.49
24406	-51.35
24428	-51.72
24449.5	-51.79
24470.5	-52.07
24490.5	-52.02
24509.5	-51.63
24529	-51.46
24549.5	-50.79
24571	-51.91
24593	-51.13
24615	-50.5
24637.5	-51.71
24660	-52.72
24682	-51.9
24703.5	-51.33
24725	-52.28
24746.5	-51.14
24767.5	-52.26
24788.5	-51.97
24809	-51.96
24829	-50.7
24849	-50.56
24869	-51.6
24889.5	-51.89
24910	-51.5
24929.5	-52.23
24949	-51.69
24968.5	-52.46
24988.5	-51.17
25009	-51.69
25029	-51.26
25049	-51.05
25069	-50.16
25089	-51.51
25109	-51.06
25128.5	-51.41
25147.5	-52.35
25166.5	-51.26
25185.5	-51.37
25204.5	-50.83
25224	-51.87
25244	-51.13
25264	-50.81
25284	-51.37
25304.5	-51.87
25325.5	-51.41
25346	-51.74
25366	-53.1
25386	-51.48
25406	-51.13
25426	-50.84
25446	-51.47
25466	-51.23
25486	-52.01
25506.5	-51.04
25527	-52.19
25547	-51.66
25567	-51.68
25587.5	-51.04
25608	-51.99
25628.5	-51.74
25649	-51.17
25669.5	-51.08
25690.5	-52.15
25711.5	-51.29
25733	-51.83
25754.5	-52.1
25776	-51.61
25798	-51.24
25820	-51.97
25842	-51.8
25864.5	-50.78
25886.5	-51.72
25908	-51.6
25929	-52.92
25949	-51.63
25969.5	-50.82
25990	-50.7
26010.5	-51.25
26031.5	-51.17
26051.5	-51.42
26071	-51.81
26090.5	-51.84
26110	-52.3
26130	-50.75
26150	-50.54
26170	-51.41
26190	-50.73
26210	-50.58
26229.5	-50.39
26249.5	-50.78
26270	-50.94
26290.5	-51.51
26311.5	-52.12
26332	-51.33
26352	-51.13
26371.5	-51.88
26390.5	-51.19
26410	-50.01
26430	-51.83
26450.5	-51.35
26471.5	-52.2
26492.5	-51.17
26513.5	-51.95
26535	-50.87
26557	-51.85
26579.5	-51.3
26602.5	-51.3
26626	-51.54
26650	-53.7
26674	-50.75
26698	-50.97
26721.5	-51.78
26744.5	-51.31
26767.5	-52.9
26790.5	-52.45
26813.5	-51.18
26836.5	-50.54
26860	-51.88
26884	-51.42
26908	-52.87
26932	-51.92
26956	-50.71
26980	-50.68
27004	-51.59
27028	-51.42
27052	-52.01
27076	-51.6
27100	-51.22
27124	-51.14
27148	-51.49
27171.5	-50.88
27194	-50.94
27216	-51.01
27238	-51.57
27259.5	-51.45
27280.5	-50.24
27301.5	-52.1
27322	-50.03
27342	-49.76
27362	-50.37
27382	-50.88
27402.5	-49.92
27423.5	-50.45
27444	-50.54
27464.5	-50.25
27486	-50.53
27508	-50.34
27532.5	-50.34
27559	-50.49
27584	-50.1
27608	-50.38
27630.5	-49.33
27651.5	-49.32
27672	-50.06
27692.5	-50.61
27713.5	-49.23
27734.5	-51.02
27756.5	-49.8
27779.5	-50.01
27802.5	-50.7
27826	-50.05
27850	-50.24
27873.5	-50
27897	-50.35
27920.5	-50.58
27944.5	-49.1
27969.5	-49.65
27995	-50.86
28021.5	-50.19
28048.5	-50.57
28075.5	-50.56
28102	-50.78
28128	-49.69
28155	-51.12
28182.5	-51.29
28210.5	-51.28
28239	-50.27
28266.5	-50.57
28294	-49.82
28321.5	-50.48
28349	-51.19
28376	-50.32
28402.5	-50.36
28429	-49.31
28455	-49.25
28481.5	-49.59
28509	-49.77
28536.5	-49.57
28563.5	-49.76
28590.5	-49.22
28618	-49.05
28646	-48.56
28674	-48.4
28702	-50.27
28730.5	-48.85
28758.5	-49.93
28786	-49.58
28814	-50.35
28842	-49.42
28869.5	-48.57
28896.5	-50.17
28923.5	-48.88
28950	-49.83
28976.5	-48.89
29003.5	-48.99
29030	-48.66
29056.5	-47.98
29083	-48.73
29109	-48.85
29135	-48.46
29161	-49.76
29187	-49.36
29212.5	-48.81
29238	-49.81
29264	-48.47
29290	-48.45
29315.5	-49.37
29341.5	-49.55
29368	-49.98
29395	-48.32
29423	-48.86
29450.5	-49.18
29478	-49.61
29505	-47.7
29531.5	-49.54
29558	-49.72
29584.5	-48.61
29611	-48.3
29637.5	-48.56
29664	-49.3
29690	-48.43
29716.5	-48.84
29743.5	-49.24
29771.5	-49.35
29800.5	-49.46
29830.5	-49.84
29861.5	-50.85
29892.5	-49.89
29924	-50.07
29956	-49.77
29987.5	-50.42
30019	-50.28
30050.5	-50.45
30083	-50.27
30117	-50.34
30151.5	-49.99
30186.5	-50.54
30220	-49.45
30252	-50.88
30284	-50.37
30316	-50.1
30347	-50.29
30377.5	-49.31
30408	-48.35
30438	-49.9
30468	-49.53
30498.5	-49.14
30529	-49.98
30559.5	-50.28
30590	-49.95
30619.5	-49.04
30648.5	-50.38
30677.5	-49.68
30706.5	-50.04
30735.5	-50.08
30764	-49.29
30792.5	-50.59
30821	-50.11
30848.5	-49.96
30876	-50.52
30904	-49.93
30932.5	-49.61
30961.5	-50.78
30991	-50.75
31020.5	-50.7
31052	-50.51
31085.5	-49.95
31119	-51.38
31152.5	-49.68
31185	-49.67
31216.5	-50.64
31248	-51.25
31279.5	-51.49
31310.5	-49.64
31341.5	-50.81
31372	-50.53
31402	-49.78
31432	-50.06
31462	-50.58
31492.5	-50.16
31523.5	-50.55
31555	-50.64
31586.5	-51.31
31618.5	-50.09
31651	-50.2
31682.5	-50.61
31713	-49.93
31742.5	-51.1
31771	-50.29
31799	-50.36
31827	-49.75
31854.5	-50.08
31881.5	-48.73
31907.5	-49.66
31932.5	-49.97
31957.5	-49.13
31983	-51.41
32009.5	-50.9
32036.5	-49.32
32064.5	-49.92
32093.5	-48.07
32121	-49.31
32147.5	-49.53
32174	-49.39
32199.5	-50
32225.5	-48.06
32252	-49.61
32278.5	-49.95
32305	-49.16
32330.5	-49.93
32356	-49.22
32382	-49.58
32408	-49.48
32434.5	-49.23
32461	-48.61
32487	-50.06
32513	-49
32540	-49.72
32567.5	-50.16
32596	-49.93
32625.5	-49.93
32655	-50.59
32684.5	-49.92
32714	-50.65
32744	-50.09
32774	-49.85
32804.5	-49.65
32835	-49.71
32864.5	-50.43
32893.5	-50.39
32922.5	-50.39
32951.5	-51.03
32981	-49.3
33010	-50.24
33038	-49.62
33065.5	-49.54
33092.5	-49.87
33119.5	-49.69
33146.5	-49.19
33173.5	-49.55
33200	-49.86
33226.5	-49.52
33253.5	-49.47
33280	-49.42
33306	-50.55
33332.5	-49.15
33359	-50.18
33386	-49.26
33413.5	-49.28
33441	-50.43
33468.5	-50.01
33495.5	-49.93
33523	-48.79
33550	-49.72
33576.5	-49.21
33603.5	-50.15
33630	-48.95
33657	-48.99
33685	-49.63
33712.5	-49.28
33739.5	-49.84
33767	-49.54
33795	-50.22
33823.5	-50.68
33853	-51.49
33883	-50.17
33913	-50.59
33943	-49.87
33973	-49.95
34003	-50.11
34033	-50.43
34063	-50.26
34093.5	-50.94
34123	-50.24
34151.5	-49.32
34181	-49.19
34211	-50.41
34241.5	-49.68
34272.5	-50.72
34304.5	-49.91
34337.5	-51.17
34369.5	-50.76
34400.5	-50.47
34430.5	-50.3
34459.5	-50.19
34488.5	-50.56
34518	-50.2
34547	-49.86
34574.5	-49.9
34602.5	-48.44
34631.5	-50.48
34660	-49.31
34688	-50.02
34716	-50.11
34744.5	-50.33
34772.5	-48.91
34800	-49.79
34828	-47.81
34855.5	-50.14
34883	-49.12
34911.5	-49.67
34940	-49.1
34968	-49.15
34995.5	-50.24
35023	-49.72
35050	-49.76
35076	-49.57
35103.5	-49.75
35132	-48.98
35160	-49.48
35188	-49.04
35215	-48.81
35241	-49.56
35267	-48.12
35293.5	-49.2
35321	-48.34
35349	-48.74
35377.5	-49.4
35406.5	-49.29
35434.5	-49.1
35462	-49.05
35488.5	-48.98
35513.5	-48.95
35539.5	-48.86
35566.5	-48.56
35594	-49.18
35622	-49
35649.5	-49.14
35676	-49.56
35702.5	-49.71
35729	-49.44
35756	-50.38
35784	-49.03
35811.5	-49.31
35838	-49.36
35865.5	-49.68
35894.5	-50.19
35922	-49.65
35948	-49.66
35974	-50.16
36000	-49.32
36026	-49.46
36052	-48.97
36078.5	-49.6
36105.5	-50.24
36133.5	-50.74
36162.5	-49.52
36191.5	-48.7
36220.5	-49.76
36250	-51.03
36280	-50.29
36309	-50.26
36337.5	-49.33
36366	-49.52
36394	-50.35
36422.5	-50.76
36451	-51.15
36479.5	-50.07
36508	-50.42
36536.5	-50.5
36565	-50.74
36593	-50.23
36621.5	-50.61
36650	-49.98
36678.5	-50.48
36707	-50.89
36735.5	-49.71
36764.5	-49.64
36793.5	-49.8
36823	-50.62
36852.5	-49.55
36881.5	-50.24
36910	-50.06
36938	-48.98
36966	-49.82
36994	-49.72
37021.5	-49.84
37048.5	-49.85
37075	-50.67
37101.5	-50.3
37128.5	-49.21
37155	-49.76
37181	-49.67
37206.5	-49.53
37231.5	-49.41
37256.5	-49.01
37282	-49.53
37308	-49.58
37334.5	-49.25
37362	-49.51
37390.5	-49.93
37420.5	-49.62
37451.5	-50.17
37481	-50.07
37509.5	-48.73
37536.5	-48.96
37562	-49.51
37586.5	-49.11
37609.5	-48.99
37633.5	-49.7
37658.5	-48.33
37683.5	-48.98
37708.5	-48.19
37733.5	-48.8
37758.5	-48.32
37781.5	-48.02
37802.5	-47.82
37824.5	-48.04
37847.5	-50.07
37871.5	-48.92
37896.5	-49.31
37922	-48.96
37948.5	-48.18
37974.5	-48.24
38000	-48.19
38025.5	-48.49
38050	-48.8
38073.5	-48.86
38096	-48.91
38118.5	-47.67
38141.5	-49.41
38165	-48.22
38189	-49.22
38213	-49.03
38237.5	-48.28
38261	-48.25
38283.5	-47.64
38306	-47.91
38328	-48.13
38350.5	-49.19
38373	-48.99
38395	-47.48
38417	-47.95
38439.5	-48.3
38462	-48.27
38484.5	-48.23
38507	-48.45
38529	-48.7
38551	-48.78
38573	-47.95
38594.5	-48.03
38616.5	-48.89
38639	-48.37
38661	-48.44
38683.5	-47.95
38706.5	-48.88
38730	-47.9
38754	-48.05
38778	-48.24
38801	-48.34
38823	-47.92
38845	-48.08
38867	-49.53
38889	-47.33
38911.5	-48.07
38934	-47.71
38956.5	-47.6
38979.5	-47.6
39002.5	-48.01
39025.5	-48.03
39048.5	-48.73
39071	-47.58
39092.5	-48.62
39115.5	-49.18
39140	-49.18
39164	-48.86
39188.5	-48.9
39214	-48.05
39240	-48.78
39267	-48.33
39295	-49.85
39322.5	-49.61
39350	-48.23
39377.5	-49.34
39404.5	-49.21
39431.5	-49.92
39458.5	-50.81
39486	-48.61
39514	-49.49
39542.5	-49.45
39571.5	-49.21
39601	-49.86
39631.5	-50.53
39661.5	-50.55
39690.5	-50.21
39720	-50.07
39749.5	-50.19
39778.5	-50.16
39807.5	-50.97
39836.5	-49.54
39865.5	-50.03
39894.5	-49.21
39923	-50.55
39951	-50.52
39979.5	-49.11
40008	-50.36
40036	-49.91
40065	-49.69
40095	-49.95
40124.5	-49.76
40153.5	-49.84
40182.5	-49
40212	-49.96
40242	-49.36
40272.5	-50.04
40303	-49.41
40332.5	-50.05
40361.5	-49.52
40390.5	-49.72
40419	-49.53
40447	-49.82
40475.5	-50.02
40504.5	-50.29
40534.5	-49.29
40565.5	-49.8
40596	-49.7
40626	-50.14
40656	-49.69
40686	-49.29
40715.5	-50.59
40744.5	-50.51
40773	-49.66
40801	-50.97
40829.5	-49.6
40858.5	-50.53
40888	-50.18
40917.5	-50.92
40946.5	-50.36
40975.5	-50.39
41004.5	-49.76
41033.5	-50.79
41063.5	-49.5
41094	-49.86
41124.5	-49.14
41155.5	-48.96
41184.5	-49.68
41212	-48.7
41239	-50.32
41265.5	-49.78
41292	-49.57
41318.5	-50.02
41346	-49.5
41373.5	-49.73
41401	-48.89
41429.5	-48.39
41457	-49.3
41483.5	-49.7
41510.5	-50.1
41537.5	-49.52
41565	-49.42
41593	-48.72
41621	-49.22
41649.5	-48.25
41678	-49.36
41706	-49.08
41734	-49
41762	-49.77
41822	-50.24
41852	-49.34
41882	-49.44
41912.5	-50.01
41943.5	-49.74
41974.5	-49.37
42005	-49.92
42035	-49.99
42064.5	-49.45
42093	-49.58
42121.5	-50.89
42150	-50.3
42178	-50.62
42206	-49.84
42234.5	-50.05
42264	-51
42294	-48.96
42324	-49.54
42354.5	-49.71
42385.5	-50.05
42416.5	-50.06
42476.5	-50.32
42505	-49.83
42533	-49.56
42561	-49.66
42589	-48.9
42616.5	-50.02
42644	-49.92
42672.5	-49.14
42701.5	-49.72
42730	-50.05
42758.5	-49.86
42788	-49.77
42818	-49.42
42847.5	-49.49
42876.5	-50.58
42905.5	-49.87
42934.5	-49.58
42964	-48.86
42993.5	-49.4
43023	-49.29
43053	-49.8
43082.5	-49.22
43112	-48.41
43142	-49.49
43172	-48.54
43202	-48.99
43232	-49.22
43263	-48.62
43294.5	-49.11
43325	-49.52
43355.5	-49.75
43385	-48.95
43413	-48.98
43441.5	-49.31
43470.5	-49.41
43500.5	-48.58
43531	-49.43
43561.5	-49.21
43592.5	-49.17
43623	-49.09
43652.5	-49.4
44914.5	-49.23
44941.5	-49.78
44970.5	-50.55
45001.5	-49.42
45034	-49.21
45067.5	-48.56
45101.5	-49.84
45136	-49.23
45170.5	-48.69
45205.5	-48.49
45309.5	-48.68
45342.5	-49.79
45374	-48.47
45404	-48.72
45432	-47.68
45458	-49.65
45483	-48.41
45507.5	-49.45
45533.5	-49.2
45561	-48.61
45590	-48.39
45619.5	-48.78
45650	-48.66
45681.5	-49.41
45712.5	-49.33
45744	-48.21
45775	-48.49
45805	-48.92
45836	-47.35
45867.5	-47.96
45895.5	-47.78
45920.5	-48.05
45945.5	-48.38
45970.5	-49.29
45997.5	-47.21
46056.5	-47.19
46087.5	-48.14
46117.5	-48.78
46147	-48.19
46178	-48.1
46210	-48.06
46242	-47.7
46274.5	-47.2
46307	-48.13
46339	-47.3
46371	-47.47
46403.5	-47.76
46433.5	-47.59
46461	-48.26
46488	-48.03
46514	-48.25
46540.5	-47.94
46567.5	-48.02
46594.5	-47.46
46621.5	-48.23
46648.5	-47.22
46675.5	-46.94
46702	-47.59
46728	-47.55
46755.5	-47.44
46784	-46.87
46812.5	-47.31
46841.5	-47.79
46870	-47.77
46898.5	-47.96
46927	-47.95
46955	-48.17
46983	-47.93
47011	-47.78
47039.5	-47.68
47068.5	-47.46
47098	-47.66
47128	-47.85
47157.5	-47.75
47186.5	-47.99
47215.5	-48.44
47245	-47.58
47275.5	-48.01
47306	-47.54
47338	-48.33
47371.5	-47.71
47437.5	-47.54
47469.5	-47.15
47500.5	-47.85
47530.5	-47.4
47559.5	-48.17
47588	-47.11
47616.5	-47.31
47644.5	-48.16
47671.5	-47.73
47697.5	-48.16
47723	-48.03
47748.5	-47.85
47774	-48.1
47800.5	-47.9
47827	-47.35
47853	-47.59
47879	-48.12
47905.5	-47.48
47932	-48.64
47960	-48.49
47990	-49.13
48019.5	-49.01
48049	-49.57
48078.5	-49.46
48107.5	-48.92
48137	-49.84
48166.5	-49.83
48195	-49.17
48223	-49.55
48251	-49.22
48279	-49.56
48307	-49.07
48335	-50.36
48362.5	-50.02
48390	-49.82
48418	-49.45
48446.5	-49.86
48476	-49.67
48506	-49.89
48537	-49.86
48569	-49.96
48601.5	-49.05
48635	-49.08
48667	-49.48
48697.5	-48.18
48730	-49.63
48764	-50.53
48797	-49.02
48829	-48.98
48860	-49.27
48890	-49.16
48920	-49.54
48949.5	-49.02
48980	-49.91
49011.5	-49.16
49043.5	-49.49
49076	-48.91
49108	-50.5
49140.5	-49.25
49173	-48.71
49205	-49.01
49237.5	-48.03
49270.5	-49.23
49303.5	-49.22
49336.5	-48.74
49369	-49.84
49401.5	-49.57
49434	-49.2
49466.5	-49.56
49498	-48.38
49528.5	-49.55
49559.5	-48.9
49590.5	-49.59
49621.5	-49.53
49652.5	-49.87
49683	-49.79
49713	-49.59
49744	-49.85
49775.5	-50.42
49806.5	-49.13
49837.5	-49.47
49868.5	-48.98
49899.5	-48.76
49931	-49.76
49963	-49.79
49995	-49.55
50027	-49.14
50058.5	-48.71
50089.5	-49.86
50120.5	-49.74
50151.5	-49.22
50183.5	-49.34
50216	-49.67
50250	-48.52
50285.5	-48.53
50319.5	-49.76
50352	-49.24
50382.5	-48.93
50411	-50.13
50437.5	-47.79
50463	-49.66
50488	-49.39
50512	-49.35
50536.5	-49.05
50561.5	-49.39
50587	-49.18
50613.5	-48.58
50640	-49.14
50666	-49.06
50692.5	-48.9
50719	-48.58
50746.5	-48.9
50776	-49.53
50806	-49.51
50836.5	-48.42
50868.5	-48.69
50901	-48.9
50933.5	-49.73
50966.5	-49.31
50999.5	-48.27
51033	-48.41
51068	-48.65
51104	-48.66
51140	-49.19
51175.5	-49.09
51211	-47.57
51246.5	-49.1
51281	-48.51
51315.5	-48.64
51350	-47.87
51384	-48.57
51417.5	-49.65
51450.5	-48.92
51483	-48.88
51514.5	-48.46
51545.5	-48.54
51576.5	-49.31
51608	-48.94
51640.5	-48.76
51672.5	-48.45
51704	-49.01
51735	-48.17
51765	-48.23
51794.5	-48.56
51823.5	-48.99
51853	-48.2
51882.5	-48.45
51912	-48.13
51941.5	-48.45
51969.5	-48.5
51997	-48.31
52025	-48.86
52052.5	-48.11
52080	-48.63
52107.5	-47.41
52136	-48.83
52166	-48.96
52196.5	-48.28
52227.5	-48.25
52258	-48.7
52288	-48.84
52318	-47.68
52348	-48.46
52378	-48.6
52407.5	-49.21
52436.5	-48.29
52465.5	-49.01
52495	-47.97
52524.5	-48.51
52553.5	-48.47
52582.5	-48.94
52611.5	-48.76
52640	-49.23
52668.5	-49.33
52697.5	-48.92
52726.5	-48.4
52755	-48.5
52783	-47.93
52811	-47.89
52840	-48.38
52870	-48.34
52900.5	-48.73
52931.5	-48.08
52962	-49.21
52992	-48.19
53021	-48.28
53048.5	-49.18
53076	-48.3
53103.5	-48.45
53131.5	-48.94
53160	-48.79
53188	-48.33
53215.5	-47.37
53243	-48.71
53271	-48.53
53299	-47.61
53327	-48.25
53354.5	-48
53382	-48.36
53409	-47.78
53435.5	-48.96
53462.5	-47.4
53489.5	-47.28
53517	-47.25
53544.5	-47.7
53572	-48.26
53600	-48.6
53628.5	-48.42
53657.5	-47.64
53686.5	-47
53715.5	-49.15
53744	-48.4
53772	-48.48
53799.5	-48.38
53827	-48.29
53855	-48.71
53883	-48.13
53911	-47.78
53939.5	-48.29
53968.5	-47.96
53998	-47.8
54027.5	-47.6
54057	-48.24
54087	-48.71
54117	-48.6
54146	-48.6
54174	-48.15
54202	-48.78
54230	-48.99
54258.5	-48.67
54287	-48.17
54316	-49.38
54346.5	-47.26
54377.5	-48.65
54408.5	-48.99
54440	-48.72
54471.5	-48.79
54503.5	-49.42
54536.5	-49.56
54569	-48.73
54601	-49.56
54634	-49.5
54667.5	-50.4
54700.5	-48.7
54734	-48.32
54766.5	-48.63
54797.5	-48.77
54828	-48.63
54858	-49.07
54888	-48.63
54918.5	-49.27
54948.5	-48.27
54977.5	-48.8
55007	-49.04
55036.5	-48.87
55066.5	-48.41
55097.5	-48.77
55128	-48.46
55158	-48.57
55188	-49.15
55218.5	-48.61
55249	-48.7
55279	-49.11
55309.5	-48.98
55340	-49
55371	-49.01
55403	-48.44
55434.5	-48.96
55465	-49.53
55495.5	-49.14
55526	-48.89
55557	-49.12
55588.5	-49.16
55620.5	-49.49
55653	-48.85
55686.5	-49.65
55721	-49.4
55754.5	-49.09
55788	-49.8
55821.5	-49.23
55854.5	-48.61
55888.5	-50.36
55923.5	-49.64
55958	-49.77
55992	-48.84
56026	-49.64
56060.5	-49.37
56095	-49.34
56129	-49.47
56162	-50.09
56194	-49.54
56226.5	-49.69
56259.5	-49.54
56293.5	-49.42
56328	-48.97
56362.5	-50.27
56396.5	-48.89
56430.5	-49.7
56465	-49.12
56499	-49.97
56532.5	-49.47
56565.5	-49.02
56598.5	-50.35
56632.5	-49.16
56667	-49.61
56701	-49.19
56734.5	-49.98
56767	-49.93
56799	-49.13
56830.5	-49.52
56861.5	-48.88
56892	-49
56922.5	-48.86
56953.5	-48.24
56984.5	-49.61
57015.5	-48.59
57046.5	-48.46
57077	-49.14
57107	-48.68
57136	-48.73
57164	-48.65
57192	-48.36
57220.5	-47.97
57249	-47.58
57277	-48.15
57306	-48.96
57336	-48.9
57367	-48.93
57399	-49.22
57430	-48.32
57460.5	-49.13
57490	-48.46
57518	-49.48
57547	-48.33
57576.5	-48.85
57606	-48.53
57636	-47.96
57665	-49.03
57693.5	-48.43
57724	-48.76
57756	-48.25
57788.5	-49.82
57822	-48.77
57855	-49.51
57887	-49.12
57918.5	-48.62
57949.5	-48.83
57981	-48.11
58012.5	-48.86
58043	-48.95
58072.5	-49.14
58103	-48.52
58134.5	-48.39
58164.5	-48.93
58194	-48.32
58223.5	-48.42
58252	-47.79
58280.5	-48.19
58309.5	-48.55
58337.5	-48.81
58365	-48.01
58393.5	-48.69
58422.5	-48.4
58451	-48.77
58479.5	-48.95
58507.5	-48
58534.5	-47.66
58560.5	-48.35
58585.5	-47.57
58611.5	-47.64
58637.5	-48.06
58663.5	-47.98
58690	-47.64
58716	-47.62
58742	-47.32
58768.5	-48.47
58795	-47.52
58821.5	-47.79
58848.5	-47.81
58876	-48.3
58903.5	-48.13
58930.5	-47.98
58957.5	-47.6
58984.5	-48.52
59011.5	-47.95
59038	-47.95
59064.5	-47.17
59091	-47.14
59117	-47.71
59144	-48.27
59172.5	-48.31
59200	-48.09
59225.5	-47.63
59251.5	-47.88
59278.5	-48.42
59306.5	-46.9
59335.5	-47.88
59364	-47.8
59392.5	-48.41
59420	-47.93
59446.5	-47.47
59473.5	-48.27
59500.5	-48.37
59528	-48.33
59556	-48.5
59584	-47.75
59611.5	-47.94
59639.5	-47.94
59668	-47.67
59697	-48.59
59726.5	-47.84
59754	-47.68
59780.5	-47.99
59807	-48.18
59832.5	-48.06
59858.5	-48.55
59885	-47.69
59911.5	-48.48
59938.5	-49
59966	-48.62
59994	-48.42
60022.5	-48.32
60051.5	-47.45
60110.5	-48.61
60140.5	-48.06
60171.5	-49.06
60202	-48.79
60232	-49.6
60261.5	-48.6
60291	-48.89
60321.5	-48.84
60383	-48.6
60413	-48.21
60443	-48.12
60472.5	-48.96
60502	-47.91
60532.5	-48.27
60561.5	-48.19
60589	-48.31
60617	-49.32
60645.5	-48.43
60674.5	-49.11
60704	-48.51
60734.5	-48.71
60765.5	-48.71
60796.5	-49.26
60827.5	-48.42
60858	-48.75
60888	-48.94
60918	-49.19
60948	-48.84
60979	-48.89
61011	-49.02
61043	-49.22
61074.5	-49.64
61106	-48.85
61137.5	-49.37
61169	-48.8
61201	-49.16
61233.5	-49.04
61266.5	-49.04
61300	-48.02
61333.5	-48.94
61367.5	-47.92
61402	-48.8
61436.5	-48.94
61471.5	-49.57
61506	-48.98
61540	-48.85
61574.5	-48.12
61609.5	-49.07
61644.5	-48.68
61679.5	-49.53
61714.5	-48.66
61749.5	-49.11
61785	-48.42
61821	-49.58
61858	-50.1
61896	-49.41
61934	-48.86
61972.5	-49.53
62011.5	-49.46
62051	-49.89
62090	-49.49
62127.5	-49.74
62165	-49.06
62203	-49.42
62241.5	-49.2
62280.5	-49.6
62320.5	-50.05
62361.5	-49.48
62401	-49.35
62439.5	-49.73
62479	-49.73
62519	-48.83
62560	-49.88
62602	-50.49
62644	-49.93
62685.5	-50.28
62726.5	-49.9
62767.5	-50.13
62810	-50.27
62854	-50.3
62897	-50.21
62939	-49.53
62982.5	-49.62
63027	-49.66
63071.5	-49.93
63116.5	-49.73
63161	-50.39
63205	-50.14
63248.5	-49.97
63291.5	-50.97
63334.5	-50.53
63377	-49.8
63419	-50.43
63461	-49.94
63501.5	-49.93
63541	-49.84
63578.5	-50.39
63613.5	-50.09
63649.5	-49.61
63686	-49.83
63721.5	-50.6
63757	-50.2
63794.5	-49.87
63833.5	-49.85
63871.5	-50.04
63909	-50.24
63945.5	-49.93
63980.5	-50.25
64016.5	-49.74
64054	-50.47
64093	-49.46
64133	-49.63
64173	-49.87
64213	-50.4
64253.5	-50.28
64294.5	-50.72
64335	-51.28
64375.5	-51
64415.5	-49.55
64454.5	-50.08
64494.5	-50.95
64535	-51.12
64575	-50.06
64614.5	-49.24
64654	-50.89
64694.5	-50.01
64734.5	-50.71
64773.5	-50.82
64813	-50.53
64853	-50.04
64892.5	-49.53
64931.5	-50.06
64969.5	-50.42
65006.5	-50.39
65043	-50.68
65078.5	-50.11
65115.5	-50.86
65154.5	-50.72
65193	-50.81
65230.5	-50.46
66086	-51.18
66165	-50.94
66205	-50.87
66245	-51.89
66284	-50.74
66322.5	-51.21
66361	-50.5
66399	-50.4
66437	-50.95
66475	-50.6
66512	-50.75
66548	-50.29
66585.5	-50.88
66624.5	-50.92
66662.5	-50.04
66699.5	-51.04
66737	-50.19
66775.5	-50.36
66814	-51.37
66852	-50.78
66890	-50.44
66927.5	-50.05
66966	-50.35
67005.5	-50.78
67044	-50.48
67082.5	-50.52
67121.5	-50.82
67160.5	-50.61
67199.5	-50.45
67238.5	-51.43
67277	-50.97
67315	-51.64
67353	-50.7
67390.5	-51.25
67428.5	-51.02
67467	-50.76
67504	-51.45
67540	-51.56
67576	-51.42
67611.5	-52.15
67647.5	-50.41
67684.5	-49.48
67722	-49.55
67759.5	-51.28
67794.5	-51.28
67827	-51.5
67860.5	-50.57
67895.5	-49.93
67930.5	-50.55
67965	-51.47
67999.5	-50.51
68034.5	-50.6
68070.5	-50.27
68107.5	-51.71
68145	-50.86
68183	-51.25
68221	-50.69
68259	-51.13
68294.5	-50.97
68327.5	-52.04
68360.5	-50.73
68427.5	-49.34
68460.5	-50.34
68493.5	-50.2
68526.5	-50.11
68558.5	-50.43
68590	-49.47
68622	-50.45
68654	-49.7
68686.5	-50.85
68719.5	-50.06
68753.5	-49.07
68788.5	-50.24
68823.5	-49.79
68859	-50.71
68894.5	-50.29
68929.5	-51.19
68965.5	-50.58
69002.5	-50.78
69039	-51.59
69075	-48.85
69111.5	-51.67
69148	-51.31
69184	-51.05
69219	-50.84
69254.5	-51.21
69291	-51.6
69327	-50.87
69362.5	-51.44
69396	-51.49
69428.5	-50.7
69462	-50.52
69496	-50.03
69530.5	-50.48
69566	-50.55
69600.5	-50.24
69634	-51.05
69666.5	-50.66
69698	-50.25
69730	-50.39
69762	-49.57
69795	-50.43
69829	-50.38
69863.5	-49.61
69898.5	-49.94
69933	-50.81
69967.5	-49.59
70002	-50.33
70036.5	-50.59
70072	-49.48
70107.5	-50.58
70141.5	-49.54
70175	-49.62
70208	-49.7
70240.5	-49.21
70274	-49.9
70307.5	-49.95
70340	-49.28
70371.5	-49.57
70403	-49.16
70435	-49.16
70466.5	-50.03
70497.5	-49.49
70527.5	-48.98
70557	-50.47
70587	-48.5
70617	-48.08
70646.5	-49.16
70675.5	-48.83
70704.5	-48.4
70733	-49.49
70761	-49.09
70789.5	-48.39
70818.5	-48.18
70847.5	-49.21
70877	-48.22
70906.5	-48.22
70937	-49.07
70969	-48.87
71000.5	-48.9
71031	-48.41
71087.5	-48.76
71115	-48.53
71143	-48.61
71170.5	-47.63
71197	-47.64
71223	-48.55
71249	-48.51
71275	-48.13
71301	-48.37
71328	-48.41
71356.5	-47.62
71386	-47.96
71416	-47.87
71446.5	-48.16
71477.5	-48.21
71509.5	-48.43
71542	-48.19
71574	-47.89
71606	-47.98
71638	-47.93
71670.5	-48.21
71703	-47.62
71735	-47.68
71767	-48.27
71799	-48.57
71830.5	-47.47
71862	-48.05
71893.5	-47.53
71925	-47.98
71957	-48.51
71989	-47.51
72021.5	-47.66
72054.5	-47.39
72088.5	-47.38
72123.5	-48.85
72158	-48.31
72192	-48.46
72226.5	-48.05
72262	-48.09
72299.5	-48.48
72338.5	-48.74
72380	-49.75
72424.5	-50.18
72470	-49.75
72516	-48.76
72561	-49.54
72605	-49.15
72646.5	-49.15
72685.5	-48.74
72723.5	-49.43
72760	-48.85
72798	-48.37
72838	-49.07
72878.5	-48.47
72919.5	-49.58
72961	-49.33
73003	-49.28
73045	-48.86
73086.5	-48.37
73127	-48.91
73167.5	-48.07
73208.5	-48.53
73250	-48.35
73290.5	-48.55
73329.5	-49.27
73369	-48.32
73408.5	-48.89
73448	-47.99
73488	-48.27
73526.5	-48.72
73564	-48.25
73601.5	-48.22
73639	-49.15
73676.5	-49.09
73713	-48.21
73749.5	-48.62
73786.5	-47.82
73823	-48.4
73858.5	-47.73
73892.5	-48.59
73925	-48.67
73957.5	-49.11
73990.5	-49.17
74024	-48.53
74057.5	-48.21
74090	-48.5
74122	-48.33
74154.5	-47.81
74187.5	-48
74220	-47.73
74252	-48.7
74284	-47.72
74316.5	-47.92
74348.5	-47.53
74379	-48.32
74409	-47.57
74439	-48.31
74468	-48.67
74496	-47.91
74523.5	-47.28
74550.5	-48.16
74577.5	-47.72
74605	-47.68
74632.5	-47.52
74660	-47.58
74688.5	-47.7
74717.5	-47.71
74746.5	-47.22
74776	-48.62
74805.5	-47.79
74834.5	-47.46
74863.5	-48.22
74892.5	-48.6
74921	-48.26
74949.5	-48.36
74978	-48.53
75006.5	-48.01
75035.5	-48.2
75065	-47.41
75094.5	-47.53
75123.5	-47.79
75152	-48.56
75180.5	-47.48
75209.5	-48.38
75238.5	-48.51
75268	-48.23
75298	-47.88
75328	-48.6
75358	-48.25
75389	-47.58
75420.5	-48.43
75451.5	-48.4
75483	-47.26
75515	-47.34
75546.5	-48.34
75578.5	-48.54
75611	-47.86
75644	-47.76
75678	-48.55
75712	-48.1
75746	-49.15
75781.5	-48.94
75818.5	-48.37
75855	-48.88
75891.5	-48.81
75963.5	-49.15
75998.5	-48.75
76034	-48.47
76069	-49.53
76103	-48.48
76138.5	-48.31
76175.5	-48.21
76212	-49.47
76248.5	-49.34
76285	-48.38
76320.5	-47.52
76356	-48.85
76392	-49.13
76429.5	-48.97
76468	-48.38
76505.5	-48.7
76542.5	-49.04
76579	-48.48
76615	-47.49
76651.5	-48.59
76688.5	-48.11
76726.5	-49.07
76765.5	-48.64
76804	-49.12
76842.5	-48.14
76881	-48.1
76918.5	-48.49
76955.5	-47.32
76992	-47.13
77028.5	-48.23
77065	-48.11
77101.5	-48.12
77139	-49.32
77175.5	-47.8
77211	-47.92
77247.5	-48.76
77284	-47.69
77320	-47.26
77355.5	-47.49
77392	-48.06
77430	-48.6
77468.5	-48.28
77508	-48.53
77547	-48.66
77585	-47.65
77624.5	-47.8
77665	-47.51
77705	-48.12
77744.5	-48.4
77783.5	-48.17
77822	-48.26
77860.5	-48.39
77899	-47.92
77937.5	-48.26
77976	-48.28
78014	-47.81
78051.5	-47.93
78090	-48.49
78129.5	-48.7
78168	-48.5
78206	-47.63
78246.5	-48.18
78289	-48.38
78330.5	-48.55
78371.5	-47.88
78411.5	-47.96
78450.5	-48.17
78490.5	-47.67
78531.5	-48.74
78571.5	-47.92
78611	-48.97
78650.5	-47.71
78689.5	-48.38
78728	-48.28
78766	-47.36
78805	-47.99
78845	-48.2
78885	-48.23
78925.5	-47.81
78966.5	-47.44
79008	-48.06
79050	-47.59
79092.5	-47.78
79134.5	-48.59
79175.5	-47.47
79217	-47.64
79258.5	-47.91
79298	-48.41
79336.5	-48
79375.5	-47.26
79414.5	-47.71
79454.5	-48.21
79495.5	-47.85
79537	-47.42
79579	-47.65
79620.5	-48.33
79661.5	-47.64
79701.5	-47.17
79740.5	-48.07
79780.5	-46.67
79821.5	-47.32
79863.5	-47.61
79906.5	-47.27
79949.5	-46.7
79992.5	-47
80035	-46.98
80076.5	-47.08
80117	-46.73
80157	-47.03
80198.5	-46.69
80241.5	-46.81
80284.5	-47.48
80327.5	-47.57
80369.5	-47.07
80411	-46.55
80454	-46.33
80497.5	-46.43
80541	-47.14
80584.5	-46.83
80627	-46.99
80669.5	-46.27
80712.5	-45.73
80756	-45.71
80799.5	-46.68
80843	-46.72
80887.5	-46.55
80932.5	-46.59
80978.5	-46.33
81025	-46.22
81071	-46.16
81117	-45.97
81164	-46.61
81212	-46.54
81258.5	-46.48
81303.5	-46.56
81348	-45.97
81392	-46.6
81438	-46.83
81486	-46.4
81534.5	-46.18
81583	-45.96
81631	-46.74
81679	-46.79
81725.5	-45.93
81770	-46.37
81815	-46.97
81861	-46.97
81908.5	-46.52
81957	-46.71
82005	-46.41
82053.5	-46.72
82101.5	-46.42
82196	-46.66
82242	-46.4
82286.5	-46.79
82329.5	-46.4
82373	-46.09
82417	-47
82461.5	-46.68
82506	-46.79
82551.5	-46.54
82598	-46.66
82641.5	-46.17
82683	-45.91
82726	-46.69
82770	-46.24
82814	-46.1
82858	-47.23
82902	-46.28
82946.5	-46.07
82990.5	-46.09
83033.5	-46.56
83075.5	-46.11
83117	-46.73
83158	-46.01
83198.5	-46.54
83239	-45.88
83279	-46.07
83320	-45.92
83361.5	-45.97
83404	-46.33
83448	-45.8
83491	-45.93
83533	-46.02
83576.5	-46.26
83621	-46.99
83664	-45.59
83705.5	-46.26
83746	-46.24
83786.5	-45.7
83828.5	-46.06
83872	-45.89
83915	-46.59
83956.5	-46.17
83997.5	-46.19
84038.5	-45.97
84080.5	-45.94
84123.5	-46.78
84166.5	-46.75
84210	-46.4
84253.5	-46.8
84297	-46.15
84340.5	-46.47
84383	-46.23
84425	-46.3
84467.5	-46.68
84510	-46.19
84553	-46.63
84594.5	-46.87
84634.5	-46.5
84676	-46.8
84717.5	-46.58
84760	-46.28
84804.5	-47.11
84848	-47.08
84890	-46.92
84933.5	-46.65
84978	-47.33
85022	-47.17
85065.5	-46.38
85109	-46.63
85153	-47.21
85195	-47.07
85234.5	-46.93
85276	-47.3
85319.5	-48.01
85363	-47.4
85406.5	-47.15
85449.5	-47.17
85493	-47.01
85536.5	-46.63
85580	-47.25
85623.5	-47.05
85666.5	-46.9
85709.5	-47.82
85752.5	-47.58
85796.5	-47.04
85841.5	-47.5
85886	-47.1
85930	-47.38
85973.5	-47.51
86016	-47.75
86058.5	-48.17
86101	-47.94
86144	-47.54
86188	-48.25
86232.5	-47.52
86277	-47.89
86321.5	-47.4
86366	-47.68
86456	-48.02
86502.5	-47.91
86549.5	-47.52
86597.5	-48.65
86646.5	-48.12
86693.5	-48
86738.5	-48.27
86785	-48.22
86832.5	-48.2
86879.5	-47.66
86926.5	-48.13
86974	-48.85
87022	-48.37
87071	-48.88
87121.5	-49.69
87174.5	-49.21
87229	-49.15
87282.5	-49.17
87335.5	-49.25
87386	-49.28
87434.5	-49.32
87484.5	-48.8
87536	-49.02
87587	-49.03
87637	-49.07
87687	-49.3
87737	-49.82
87787	-48.68
87837	-49
87887.5	-48.88
87938	-48.65
87986.5	-48.82
88034	-49.02
88082	-49.67
88130	-48.74
88178.5	-48.81
88228	-48.73
88277.5	-48.06
88327	-48.64
88376	-48.86
88424	-48.69
88473	-49.27
88522.5	-49.22
88571	-49.1
88619	-49.8
88667	-48.66
88715	-48.52
88762	-48.91
88808	-49.16
88854	-48.93
88900.5	-48.51
88948	-49.08
88996	-49.12
89044.5	-48.56
89093.5	-48.34
89140.5	-48.95
89185.5	-49.12
89231	-48.46
89277.5	-48.12
89323	-48.66
89366.5	-48.45
89411	-48.55
89456.5	-48.02
89501.5	-48.52
89547	-48.99
89595	-48.63
89645	-48.27
89694	-48.88
89741.5	-48.83
89788	-48.07
89834	-49.44
89879	-48.37
89923	-48.31
89966	-48.82
90007.5	-49.29
90049.5	-48.87
90093	-48.34
90137	-48.84
90181.5	-48.36
90225	-48.55
90267.5	-48.96
90311	-48.63
90355	-48.75
90400	-48.87
90445.5	-49.5
90490	-49.66
90534	-48.45
90581.5	-49.05
90632	-48.52
90682	-48.42
90732	-49.07
90781	-48.53
90829	-48.7
90875.5	-48.17
90921	-49.14
90967	-48.89
91013	-48.16
91059	-49.31
91105.5	-48.57
91153	-48.23
91201	-48.73
91249	-48.61
91297	-48.95
91343.5	-48.85
91389	-48.33
91435	-48.21
91481	-48.22
91525.5	-48.95
91568.5	-48.02
91613.5	-47.85
91660	-48.37
91706.5	-48.69
91753.5	-48.28
91800	-48.42
91846	-48.07
91892.5	-48.37
91939	-48.6
92032	-48.16
92078.5	-48.89
92125.5	-47.97
92174	-47.99
92223.5	-48.17
92272.5	-48.37
92321	-48.24
92368.5	-47.87
92415	-48.92
92462.5	-47.92
92512	-47.87
92561	-48.97
92609.5	-47.79
92659.5	-48.19
92710	-48.52
92760.5	-47.34
92811.5	-47.28
92863	-47.21
92915	-47.83
92969.5	-47.56
93027	-47.63
93085	-47.19
93143.5	-46.99
93203.5	-47.52
93264.5	-46.79
93324.5	-46.59
93383.5	-46.9
93444.5	-46.92
93507	-47.32
93569.5	-46.08
93633	-46.35
93694.5	-46.77
93753.5	-46.69
93812.5	-46.84
93871.5	-47.4
93931	-46.94
93991	-46.64
94049.5	-46.59
94106.5	-46.5
94163	-46.22
94219	-47.07
94275.5	-46.22
94332	-46.68
94388.5	-46.58
94445.5	-46.94
94502.5	-47.2
94559	-46.48
94616.5	-47.46
94675.5	-47.49
94731.5	-46.53
94784.5	-47.38
94835	-46.96
94883	-47.18
94932.5	-47.51
94983.5	-46.68
95035.5	-46.77
95089	-47.11
95143.5	-46.92
95198.5	-46.99
95255.5	-47.89
95314.5	-47.23
95373.5	-47.65
95432.5	-47.3
95491	-47.26
95549.5	-47.52
95608	-47.36
95666	-46.41
95724	-47.37
95782	-47.67
95840.5	-47.65
95899	-47.06
95956.5	-47.56
96013.5	-47.04
96071.5	-47.66
96131	-47.39
96189	-47.58
96245.5	-46.37
96304	-47.26
96364.5	-47.25
96425	-47.37
96485.5	-47.33
96549	-47.78
96614.5	-47.38
96677	-47.23
96737	-47.39
96796	-47.51
96854	-47.74
96911.5	-47.49
96969	-47.64
97026.5	-47.27
97083.5	-47.14
97139.5	-47.51
97194.5	-47.15
97249	-46.98
97303	-47.01
97357	-47.44
97411	-47.77
97466	-47.61
97521.5	-47.54
97577.5	-47.76
97634.5	-47.39
97690.5	-48.01
97745.5	-47.39
97800.5	-47.52
97855	-46.94
97911.5	-47.61
97970	-47.18
98026	-47.42
98080	-47.72
98135	-47.3
98190.5	-47.42
98246.5	-47.84
98303.5	-47.57
98360.5	-48.13
98418	-47.58
98475	-47.31
98530.5	-47.99
98587	-47.34
98645	-47.55
98705	-47.36
98766.5	-47.19
98827	-47.26
98887	-47.67
98947	-47.6
99006.5	-47.16
99065	-46.97
99123	-47.81
99182.5	-47.3
99243.5	-47.77
99302.5	-47.35
99360	-48.06
99417.5	-48.17
99474.5	-47.7
99530.5	-47.64
99586	-47.94
99641	-47.89
99695.5	-48.28
99751.5	-47.95
99808.5	-48.15
99867	-48.03
99927	-47.63
99986.5	-47.89
100045	-48.39
100103	-47.73
100161	-48
100219	-48.25
100276.5	-47.8
100335	-48.15
100394.5	-47.77
100452.5	-47.82
100510	-48.48
100568.5	-48.28
100628	-48.35
100687.5	-48.11
100746.5	-48.04
100805	-48.22
100862.5	-47.67
100922.5	-47.63
100985.5	-47.73
101048	-47.7
101110	-47.63
101170.5	-47.26
101229	-48.02
101342.5	-47.75
101399	-47.35
101455	-47.46
101513.5	-47.3
101575	-46.87
101637.5	-47.11
101700.5	-47.09
101763	-47.52
101825.5	-47.08
101888.5	-47.43
101951.5	-47.72
102016	-46.26
102082.5	-46.66
102149	-46.36
102215.5	-47.28
102285	-46.98
102356.5	-47.24
102427.5	-47.16
102498	-46.76
102568.5	-46.41
102639.5	-46.75
102712	-47.19
102786	-47.06
102860	-46.65
102934	-47.13
103010	-47.07
103088	-47.54
103167.5	-47.28
103248	-47.93
103330.5	-48.24
103416	-49.06
103502.5	-49.12
103590	-48.59
103677.5	-48.58
103764	-48.62
103849.5	-49.29
103933.5	-48.64
104016.5	-48.86
104100	-48.97
104182	-49.16
104262	-48.52
104342.5	-48.49
104423	-49.21
104503	-48.64
104582.5	-48.61
104659	-48.4
104733.5	-48.49
104807.5	-48.54
104880.5	-48.46
104952.5	-48.02
105024	-47.9
105095	-48.82
105164.5	-48.24
105234.5	-48.1
105305.5	-48.17
105380	-48.53
105458	-48.4
105537.5	-47.78
105618	-48.15
105698.5	-48.64
105780	-48.37
105860	-47.81
105938	-48.43
106016	-48.69
106093.5	-48.91
106170.5	-48.04
106247.5	-47.47
106323.5	-47.5
106398	-48.29
106471	-48.01
106543	-47.64
106615	-47.96
106686.5	-48.04
106762	-47.65
106842	-47.27
106920.5	-47.97
106997.5	-48.25
107075.5	-48.1
107154	-47.82
107233	-48.55
107313	-48.07
107393.5	-47.74
107474.5	-48.45
107554.5	-48.33
107633.5	-48.2
107713	-48.04
107793.5	-48.19
107875.5	-49.46
107958.5	-49.45
108041.5	-49.2
108124	-49.3
108207.5	-49.8
108292.5	-50.18
108377.5	-50.15
108462.5	-50.55
108547	-50.09
108631	-49.84
108714.5	-50.06
108798	-50.05
108882	-49.97
108965.5	-50.35
109050	-49.86
109135.5	-50.18
109218.5	-49.9
109300	-49.96
109383	-49.77
109467	-49.51
109550	-50.03
109632	-49.81
109714.5	-49.8
109797	-49.55
109881	-49.54
109967	-49.54
110050	-49.44
110130	-48.98
110212.5	-49.51
110298	-49.56
110380.5	-49.26
110460	-49.08
110541	-49.25
110623.5	-49.76
110705.5	-49.47
110786.5	-49.81
110866.5	-49.36
110946	-49.7
111026	-49.95
111106	-49.25
111184.5	-49.09
111261.5	-48.49
111339.5	-48.98
111419	-49.39
111497	-48.94
111573	-49.15
111649	-49.26
111725	-49.22
111802	-49.14
111880.5	-48.9
111960.5	-48.7
112042	-48.93
112125	-48.75
112208.5	-48.57
112293.5	-48.58
112380.5	-48.37
112466	-48.79
112549.5	-48.32
112630.5	-48.24
112709.5	-47.87
112789.5	-48.72
112870.5	-48.75
112949.5	-48.49
113026	-48.76
113101.5	-48.12
113176.5	-48.79
113250	-48.16
113321.5	-48.82
113394	-48.83
113467.5	-49.52
113539.5	-48.9
113610.5	-48.6
113681	-48.99
113751	-49.28
113818.5	-48.72
113883	-48.56
113947	-48.92
114011	-48.44
114074	-48.6
114135.5	-48.9
114198	-48.36
114261.5	-49.32
114386	-48.11
114448.5	-48.16
114511	-48.21
114574	-48.75
114638	-48.68
114699	-48.83
114757	-48.46
114814	-47.71
114870	-48.75
114926.5	-48.15
114983.5	-47.89
115038.5	-48.49
115091.5	-47.25
115145.5	-47.57
115200.5	-47.74
115255	-47.67
115309	-47.38
115365.5	-47.28
115424.5	-47
115484	-47.73
115544.5	-47.65
115606	-48.23
115668	-48.23
115731	-48.51
115795.5	-47.72
115861	-47.81
115927	-47.62
115993.5	-47.69
116061	-47.63
116130	-47.57
116267.5	-47.61
116334.5	-48.12
116401	-46.92
116467	-46.9
116534	-46.79
116602.5	-46.68
116670.5	-46.88
116737.5	-46.69
116805	-47.01
116873	-46.19
116940.5	-45.8
117007	-45.64
117073	-46.31
117139.5	-46.3
117205.5	-46.37
117270	-46.33
117334.5	-47.31
117398.5	-46.83
117463	-46.33
117527.5	-46.07
117592	-46.8
117658	-46.28
117724.5	-46.43
117791	-45.59
117859	-46.78
117929	-45.94
117997.5	-45.98
118064.5	-45.95
118134.5	-45.54
118282.5	-44.66
118359.5	-45.05
118436	-44.73
118511.5	-44.53
118589.5	-44.87
118670	-44.9
118749	-45.12
118827	-44.95
118903	-44.5
118977.5	-44.46
119639.5	-45.05
119707	-44.87
119773.5	-44.64
119838.5	-45.07
119905	-44.85
119973	-44.55
120040	-44.62
120106	-44.76
120171	-45.29
120234.5	-45.03
120296.5	-45.1
120358	-45.04
120421	-44.78
120484.5	-45.22
120548	-45.23
120612.5	-45.29
120676.5	-45.12
120740	-45.46
120862	-45.46
120920.5	-45.35
120978	-45.34
121035	-45.29
121090.5	-45.01
121201.5	-44.95
121257.5	-45.31
121314.5	-45.08
121371.5	-44.55
121428.5	-44.91
121484	-44.28
121538.5	-44.32
121595.5	-44.81
121654	-44.45
121713.5	-44.03
121774	-44.75
121836	-44.43
121900	-44.82
121968	-44.02
122040	-44.18
122114	-44.37
122189.5	-44.82
122265.5	-43.96
122343	-44.56
122424.5	-44.05
122509.5	-44.2
122595	-44.31
122680.5	-44.59
122766	-43.58
122852	-43.77
122940.5	-43.69
123031.5	-43.35
123124.5	-44.19
123219.5	-44.27
123316	-44.02
123414	-44.51
123511.5	-43.77
123609	-43.79
123705.5	-44.32
123800	-43.83
123894	-43.79
123988	-44.27
124081	-44.25
124173.5	-44.08
124262.5	-44.33
124348	-43.56
124435	-43.05
124523.5	-43.69
124613.5	-43.56
124705	-43.33
124794.5	-43.79
124881	-43.75
124967.5	-43.98
125054	-44.14
125139.5	-43.97
125224	-43.89
125307.5	-43.95
125390.5	-43.91
125472	-43.59
125552	-43.64
125633.5	-43.72
125716	-44.08
125799.5	-44.4
125884	-43.78
125967	-44.45
126049	-43.76
126131	-44.53
126213	-44.11
126295	-43.58
126377	-44.32
126462	-44.41
126550	-44.07
126635	-44.33
126717	-44.04
126797	-44.03
126875	-44.47
126952.5	-44.03
127029.5	-44.53
127108	-43.74
127188.5	-44.04
127271	-43.41
127355	-43.31
127439.5	-43.67
127524.5	-43.6
127610.5	-43.39
127697	-43.36
127783	-42.85
127868.5	-42.8
127953	-42.71
128036.5	-43.03
128122	-43.09
128210.5	-43.35
128299.5	-42.98
128388.5	-43.29
128479.5	-43.23
128572.5	-43.13
128669.5	-42.95
128771	-42.59
128878	-43.1
128990.5	-43.24
129104	-43.34
129218.5	-43.26
129337	-43.47
129459.5	-43.42
129585	-43.56
129713.5	-43.78
129843	-43.35
129973.5	-43.99
130108	-44.07
130246	-43.92
130388.5	-44.1
130535	-44.32
130687.5	-44.74
130847	-44.8
131009	-44.79
131173	-45.19
131340.5	-45.55
131511	-45.53
131688	-45.76
131871.5	-46.3
132056	-46.19
132242	-46.23
132430	-46.53
132620	-46.39
132814.5	-46.96
133014	-46.83
133215	-47.76
133417	-47.89
133626	-47.83
133842	-48.39
134066	-48.69
134298	-49.01
134537.5	-49.75
134784.5	-49.94
135047.5	-50.08
135326.5	-51.33
135609.5	-51.25
135896	-51.08
136191.5	-51.23
136496	-51.56
136799	-51.7
137101	-51.45
137401	-52.29
137699	-52.77
137998.5	-52.71
138300	-52.58
138608	-53.05
138922.5	-53.05
139236	-52.54
139548.5	-52.75
139861	-52.78
140172.5	-52.38
140481	-52.27
140787	-51.94
141093	-51.84
141398.5	-51.94
141695	-51.8
141983	-52.07
142273.5	-51.87
142567	-51.93
142854	-52.21
143134	-52.22
143412.5	-52.51
143689.5	-52.45
143963	-52.13
144233.5	-52.11
144500	-52.03
144762.5	-52.3
145021.5	-52.17
145277	-52.05
145535	-52.24
145795	-52.25
146046	-52.04
146288	-52.08
146520	-52.08
146742	-51.96
146963	-51.84
147183	-52.32
147407.5	-52.67
147636.5	-52.76
147853	-52.66
148057	-52.56
148258	-51.89
148456	-52.17
148657	-51.71
148861	-51.99
149064.5	-52.02
149268	-51.79
149464.5	-51.76
149654	-52.06
149837.5	-52.13
150015	-51.86
	
	
	
	
	
	
	
	
	
	
	
	
	
	
	
	
	
	
	
	
	
	
	
	
	
