9965	-28.8
9987	-29.1
10010	-29.2
10033	-29.2
10056	-29.1
10080	-28.9
10102	-28.7
10126	-28.7
10149	-28.8
10172	-29.1
10194	-29.6
10217	-30.1
10239	-30.4
10260	-30.6
10280	-30.5
10302	-30.3
10324	-30.1
10346	-30.2
10369	-30.4
10391	-30.7
10414	-31.0
10437	-31.2
10460	-31.1
10483	-30.9
10506	-30.7
10530	-30.7
10554	-31.0
10577	-31.3
10599	-31.3
10623	-31.2
10646	-30.9
10669	-30.7
10693	-30.8
10716	-31.1
10739	-31.4
10762	-31.7
10785	-32.0
10809	-32.3
10832	-32.8
10854	-33.5
10874	-34.3
10896	-34.8
10917	-35.0
10941	-34.7
10962	-34.2
10985	-33.7
11006	-33.3
11029	-33.0
11051	-33.0
11074	-33.1
11096	-33.3
11119	-33.3
11141	-33.3
11165	-33.3
11187	-33.3
11209	-33.2
11232	-32.8
11253	-32.3
11276	-32.1
11299	-32.4
11321	-32.8
11344	-33.2
11366	-33.7
11388	-34.4
11410	-35.2
11433	-35.9
11456	-36.3
11479	-36.2
11501	-35.7
11524	-35.1
11547	-34.5
11570	-34.0
11592	-33.7
11615	-33.6
11638	-34.1
11660	-35.3
11682	-37.3
11704	-39.6
11726	-41.6
11745	-42.9
11766	-43.6
11787	-43.9
11808	-43.9
11829	-43.7
11851	-43.5
11873	-43.4
11897	-43.7
11918	-44.1
11938	-44.5
11956	-44.7
11976	-44.5
11997	-44.1
12019	-43.5
12039	-43.2
12061	-43.2
12083	-43.8
12103	-44.5
12123	-45.1
12142	-45.3
12164	-45.2
12185	-45.0
12205	-44.7
12227	-44.5
12249	-44.4
12269	-44.4
12289	-44.5
12310	-44.7
12331	-44.9
12351	-45.1
12372	-45.2
12392	-45.1
12411	-45.1
12430	-45.0
12448	-44.9
12466	-44.7
12486	-44.5
12508	-44.3
12529	-44.1
12551	-44.1
12572	-44.4
12593	-44.8
12615	-45.3
12635	-45.5
12652	-45.7
12670	-45.8
12687	-45.9
12704	-46.0
12720	-45.8
12736	-45.2
12757	-44.2
12778	-43.1
12802	-42.3
12825	-41.5
12846	-40.9
12868	-40.3
12889	-39.8
12909	-39.2
12929	-38.6
12950	-38.3
12972	-38.4
12989	-38.6
13006	-39.0
13025	-39.4
13043	-39.7
13059	-40.1
13077	-40.4
13095	-40.7
13114	-41.1
13132	-41.4
13149	-41.6
13167	-41.6
13185	-41.4
13202	-41.2
13220	-40.9
13239	-40.6
13260	-40.2
13278	-39.9
13295	-39.6
13313	-39.5
13330	-39.3
13348	-39.1
13367	-38.8
13385	-38.6
13403	-38.4
13422	-38.2
13439	-38.0
13459	-37.9
13477	-37.7
13495	-37.5
13514	-37.4
13532	-37.6
13550	-37.9
13567	-38.4
13586	-38.9
13604	-39.3
13623	-39.7
13641	-39.7
13660	-39.2
13680	-38.3
13698	-37.5
13717	-36.8
13737	-36.6
13757	-36.6
13775	-36.8
13793	-36.7
13811	-36.3
13830	-35.8
13850	-35.5
13868	-35.4
13887	-35.4
13907	-35.6
13925	-36.1
13944	-36.8
13965	-38.1
13985	-39.3
14004	-40.4
14023	-41.4
14043	-41.7
14062	-41.5
14080	-40.9
14097	-40.0
14115	-39.1
14135	-38.5
14153	-38.1
14174	-37.7
14194	-37.5
14212	-37.3
14230	-37.3
14247	-37.2
14265	-36.9
14285	-36.5
14302	-36.2
14319	-36.0
14338	-35.8
14356	-35.5
14376	-35.3
14396	-35.1
14416	-35.1
14436	-35.1
14454	-35.0
14471	-34.7
14493	-34.4
14513	-34.0
14533	-33.6
14551	-33.4
14569	-33.3
14587	-33.5
14607	-34.1
14628	-35.2
14647	-36.6
14664	-38.6
14681	-40.8
14701	-43.2
14725	-45.0
14746	-45.9
14768	-45.9
14789	-45.6
14811	-45.4
14834	-45.3
14857	-45.3
14880	-45.3
14904	-45.5
14928	-45.9
14953	-46.4
14976	-46.5
14997	-46.6
15018	-46.7
15044	-46.7
15066	-46.6
15088	-46.6
15111	-46.6
15136	-46.6
15160	-46.5
15183	-46.5
15206	-46.5
15230	-46.5
15251	-46.6
15272	-46.6
15292	-46.5
15313	-46.3
15338	-46.0
15364	-45.8
15389	-45.8
15413	-45.9
15436	-46.1
15458	-46.3
15477	-46.4
15497	-46.5
15517	-46.6
15536	-46.7
15555	-46.7
15575	-46.7
15597	-46.7
15618	-46.5
15638	-46.3
15661	-46.3
15682	-46.3
15704	-46.5
15724	-46.8
15743	-46.9
15763	-46.8
15785	-46.6
15808	-46.2
15831	-45.8
15853	-45.5
15875	-45.4
15898	-45.5
15923	-45.6
15945	-45.5
15967	-45.5
15991	-45.5
16014	-45.8
16034	-46.1
16054	-46.6
16074	-47.2
16096	-47.7
16115	-47.9
16135	-47.7
16155	-47.5
16176	-47.3
16197	-47.1
16218	-46.8
16241	-46.4
16266	-46.1
16290	-46.0
16314	-46.0
16339	-46.0
16361	-45.9
16382	-45.8
16405	-45.6
16428	-45.3
16451	-44.9
16476	-44.4
16503	-43.8
16530	-43.6
16558	-43.9
16586	-44.6
16609	-45.3
16630	-45.7
16651	-45.7
16671	-45.5
16695	-45.0
16719	-44.4
16746	-43.6
16773	-43.0
16799	-42.4
16827	-42.1
16854	-42.1
16882	-42.7
16910	-43.5
16938	-44.4
16963	-44.9
16986	-44.9
17009	-44.5
17035	-43.8
17061	-43.1
17088	-42.5
17115	-42.3
17142	-42.3
17168	-42.5
17195	-42.9
17219	-43.2
17245	-43.5
17274	-43.5
17301	-43.5
17330	-43.6
17359	-43.9
17381	-44.5
17404	-45.3
17428	-45.9
17452	-46.0
17475	-45.6
17500	-44.9
17529	-44.2
17558	-43.4
17589	-43.1
17617	-42.9
17644	-43.1
17669	-43.6
17692	-44.4
17720	-45.1
17746	-45.4
17772	-45.4
17798	-45.3
17820	-45.5
17841	-45.9
17864	-46.5
17887	-46.9
17906	-47.1
17925	-47.4
17945	-47.6
17967	-47.8
17987	-47.9
18006	-47.9
18027	-47.7
18048	-47.6
18069	-47.5
18091	-47.6
18110	-47.5
18129	-47.3
18148	-46.8
18169	-46.2
18189	-46.0
18210	-46.0
18231	-46.3
18251	-46.7
18273	-47.1
18292	-47.3
18309	-47.3
18326	-47.3
18346	-47.6
18366	-47.7
18386	-47.6
18408	-47.3
18428	-47.1
18448	-46.8
18471	-46.4
18493	-46.0
18515	-45.5
18538	-45.1
18563	-44.8
18587	-44.7
18611	-44.6
18634	-44.5
18658	-44.3
18681	-44.4
18706	-44.8
18728	-45.2
18748	-45.6
18770	-45.9
18792	-45.8
18813	-45.5
18834	-45.1
18856	-44.7
18879	-44.6
18903	-44.6
18926	-44.8
18950	-45.0
18973	-45.0
18996	-45.1
19019	-45.2
19041	-45.4
19063	-45.7
19083	-46.0
19105	-46.2
19125	-46.4
19143	-46.7
19164	-47.0
19182	-47.1
19200	-47.2
19222	-47.0
19243	-46.6
19263	-46.2
19284	-45.7
19306	-45.3
19328	-45.2
19349	-45.4
19370	-46.0
19390	-46.5
19410	-46.7
19428	-46.5
19447	-45.9
19468	-45.4
19489	-45.2
19510	-45.1
19531	-44.9
19551	-44.6
19572	-44.2
19593	-43.8
19618	-43.4
19642	-43.3
19667	-43.2
19692	-43.4
19717	-43.8
19742	-44.2
19764	-44.7
19784	-45.2
19805	-45.3
19824	-44.8
19846	-43.9
19868	-43.1
19892	-42.8
19915	-43.0
19937	-43.7
19956	-44.5
19976	-45.1
19997	-45.3
20017	-45.2
20037	-45.0
20055	-45.0
20074	-45.0
20094	-44.9
20114	-44.8
20134	-44.6
20153	-44.5
20173	-44.2
20193	-43.9
20210	-43.6
20229	-43.5
20249	-43.5
20267	-43.6
20286	-43.7
20304	-44.0
20320	-44.5
20339	-45.1
20356	-45.6
20375	-46.0
20391	-46.4
20407	-46.6
20422	-46.6
20441	-46.3
20460	-45.9
20477	-45.5
20491	-45.3
20507	-45.5
20524	-46.2
20539	-46.8
20555	-47.0
20571	-46.6
20588	-45.6
20605	-44.5
20625	-43.5
20647	-42.8
20667	-42.4
20690	-42.4
20715	-42.7
20736	-43.0
20755	-43.5
20774	-44.0
20793	-44.3
20813	-44.5
20832	-44.7
20851	-44.9
20871	-45.2
20890	-45.4
20909	-45.6
20926	-45.9
20944	-46.3
20961	-46.8
20978	-47.3
20995	-47.7
21012	-47.7
21030	-47.2
21047	-46.7
21065	-46.4
21085	-46.1
21106	-45.7
21127	-45.3
21146	-45.0
21166	-45.0
21184	-45.4
21202	-45.9
21221	-46.3
21239	-46.3
21257	-45.9
21276	-45.3
21296	-44.9
21318	-44.7
21338	-44.8
21356	-45.0
21377	-45.2
21399	-45.3
21419	-45.3
21438	-45.4
21457	-45.6
21476	-45.8
21496	-45.8
21517	-45.5
21536	-45.1
21558	-44.7
21581	-44.3
21603	-44.1
21623	-44.1
21645	-44.5
21666	-44.9
21686	-45.4
21705	-46.0
21722	-46.7
21739	-47.2
21757	-47.4
21774	-47.2
21792	-47.0
21810	-46.8
21828	-46.6
21847	-46.4
21866	-46.0
21886	-45.3
21906	-44.6
21925	-44.3
21946	-44.3
21968	-44.6
21990	-44.8
22013	-44.7
22036	-44.5
22058	-44.3
22081	-44.0
22105	-43.8
22130	-43.6
22154	-43.4
22178	-43.2
22201	-43.1
22225	-43.1
22249	-43.3
22271	-43.7
22296	-44.2
22318	-44.8
22339	-45.1
22358	-45.2
22377	-45.4
22396	-45.7
22416	-45.8
22434	-45.6
22454	-45.2
22472	-45.0
22490	-45.0
22509	-45.2
22527	-45.4
22545	-45.5
22566	-45.5
22586	-45.3
22604	-45.2
22624	-45.4
22642	-45.6
22662	-45.9
22682	-45.8
22703	-45.3
22724	-44.4
22744	-43.4
22766	-42.9
22789	-42.9
22811	-43.3
22835	-43.9
22858	-44.3
22879	-44.4
22901	-44.0
22923	-43.5
22943	-43.2
22962	-43.1
22982	-43.4
23002	-44.0
23021	-44.5
23043	-44.9
23061	-45.2
23078	-45.5
23096	-45.8
23117	-46.0
23134	-45.9
23152	-45.6
23172	-45.1
23196	-44.4
23222	-43.5
23245	-42.6
23267	-41.6
23290	-40.8
23314	-40.7
23334	-41.4
23353	-42.7
23374	-44.3
23394	-45.7
23414	-46.6
23433	-46.9
23452	-46.8
23471	-46.8
23489	-47.1
23508	-47.8
23526	-48.6
23545	-49.1
23565	-49.3
23583	-49.2
23599	-49.2
23615	-49.3
23633	-49.4
23651	-49.4
23669	-49.4
23688	-49.4
23707	-49.4
23726	-49.2
23744	-48.7
23762	-48.3
23781	-48.3
23799	-48.6
23819	-49.0
23838	-49.2
23858	-49.2
23877	-49.0
23895	-48.6
23915	-48.3
23936	-48.0
23959	-47.8
23982	-47.3
24004	-46.8
24026	-46.6
24049	-47.0
24070	-47.6
24091	-48.0
24111	-48.2
24131	-48.3
24149	-48.3
24169	-48.4
24189	-48.6
24207	-49.0
24224	-49.3
24243	-49.4
24260	-49.3
24278	-48.8
24298	-48.2
24316	-47.5
24334	-47.1
24353	-47.1
24375	-47.4
24394	-47.7
24413	-47.8
24433	-47.7
24453	-47.5
24472	-47.4
24490	-47.5
24510	-47.4
24532	-47.3
24555	-47.0
24578	-46.8
24598	-46.7
24618	-47.0
24639	-47.6
24661	-48.3
24682	-48.6
24703	-48.5
24721	-48.1
24742	-47.8
24759	-47.7
24779	-48.0
24799	-48.4
24821	-48.9
24838	-49.2
24855	-49.4
24872	-49.5
24888	-49.5
24904	-49.4
24923	-48.9
24943	-48.0
24962	-47.0
24983	-46.3
25004	-45.9
25023	-46.0
25042	-46.3
25061	-46.9
25081	-47.6
25099	-48.1
25119	-48.4
25139	-48.4
25157	-48.0
25178	-47.5
25199	-47.1
25221	-46.9
25243	-47.0
25265	-47.2
25288	-47.3
25310	-47.2
25332	-47.0
25351	-46.9
25369	-46.9
25388	-47.2
25408	-47.8
25426	-48.6
25446	-49.2
25466	-49.4
25487	-48.8
25507	-47.9
25528	-46.9
25550	-46.5
25571	-46.6
25592	-47.0
25612	-47.5
25630	-48.0
25648	-48.6
25666	-49.3
25684	-50.0
25702	-50.4
25721	-50.5
25738	-50.2
25755	-49.7
25772	-49.3
25789	-48.9
25806	-48.7
25823	-48.9
25842	-49.3
25860	-49.7
25880	-49.8
25900	-49.5
25918	-49.0
25936	-48.5
25955	-48.2
25975	-48.1
25994	-48.2
26013	-48.5
26031	-48.7
26049	-48.5
26065	-47.9
26083	-47.1
26104	-46.7
26125	-46.4
26146	-46.2
26165	-45.9
26184	-45.7
26202	-45.7
26220	-46.0
26237	-46.4
26255	-46.7
26274	-46.9
26292	-46.9
26311	-46.7
26331	-46.5
26350	-46.2
26371	-45.9
26393	-45.6
26414	-45.6
26437	-45.7
26455	-46.0
26472	-46.3
26487	-46.7
26501	-47.3
26517	-47.9
26535	-48.6
26552	-49.2
26570	-49.4
26585	-49.3
26600	-48.9
26617	-48.4
26635	-48.0
26653	-47.8
26672	-47.6
26689	-47.6
26707	-47.8
26726	-48.1
26743	-48.6
26762	-49.2
26777	-49.6
26793	-49.8
26810	-49.6
26827	-49.3
26843	-48.8
26860	-48.5
26877	-48.4
26894	-48.4
26913	-48.4
26931	-48.2
26949	-47.8
26965	-47.5
26982	-47.3
27000	-47.5
27019	-48.0
27038	-48.5
27057	-48.7
27074	-48.5
27092	-48.0
27111	-47.4
27130	-46.9
27152	-46.6
27175	-46.7
27197	-46.9
27217	-47.1
27237	-47.2
27256	-47.3
27273	-47.3
27292	-47.4
27310	-47.5
27327	-47.7
27345	-48.1
27362	-48.5
27378	-49.0
27394	-49.3
27409	-49.5
27425	-49.6
27441	-49.5
27460	-49.2
27478	-48.6
27496	-47.7
27515	-46.7
27532	-45.6
27548	-44.4
27563	-43.1
27581	-41.8
27598	-40.7
27616	-39.7
27634	-38.7
27652	-37.9
27673	-37.2
27695	-36.6
27716	-36.0
27736	-36.1
27755	-37.0
27772	-39.1
27789	-42.0
27814	-44.8
27840	-46.9
27859	-48.0
27880	-48.5
27900	-48.7
27921	-48.8
27940	-48.9
27960	-49.1
27976	-49.4
27994	-49.8
28012	-50.4
28030	-50.7
28048	-50.8
28066	-50.7
28083	-50.5
28103	-50.3
28123	-50.1
28144	-49.9
28162	-49.8
28182	-49.9
28201	-50.0
28221	-50.1
28241	-50.3
28258	-50.4
28278	-50.3
28296	-49.9
28315	-49.7
28335	-49.6
28354	-49.5
28375	-49.2
28394	-49.0
28414	-49.0
28433	-49.1
28450	-49.2
28469	-49.4
28490	-49.4
28511	-49.1
28529	-48.5
28549	-47.7
28571	-46.7
28593	-45.4
28613	-43.8
28631	-42.2
28650	-41.0
28669	-40.2
28687	-39.8
28706	-39.7
28725	-39.5
28742	-39.2
28761	-38.6
28781	-38.0
28799	-37.3
28819	-37.1
28837	-37.5
28854	-38.4
28870	-39.8
28887	-41.6
28906	-43.6
28928	-45.5
28950	-47.0
28971	-48.1
28992	-48.9
29012	-49.4
29031	-49.5
29050	-49.5
29071	-49.5
29093	-49.5
29115	-49.5
29137	-49.2
29158	-48.9
29180	-48.8
29202	-48.8
29223	-48.9
29246	-48.9
29269	-48.9
29291	-48.7
29314	-48.3
29336	-48.0
29360	-47.7
29381	-47.5
29403	-47.5
29426	-47.7
29448	-48.3
29470	-49.0
29493	-49.7
29516	-50.1
29536	-50.2
29556	-50.1
29574	-50.2
29590	-50.4
29607	-50.6
29625	-50.5
29643	-50.4
29662	-50.3
29681	-50.3
29699	-50.2
29720	-49.9
29742	-49.4
29760	-48.8
29779	-48.3
29799	-48.0
29820	-47.9
29841	-47.9
29861	-47.9
29880	-48.0
29902	-48.0
29924	-47.9
29944	-47.6
29963	-47.3
29981	-47.1
29999	-47.1
30022	-47.4
30041	-47.9
30061	-48.4
30079	-48.6
30099	-48.7
30119	-48.8
30138	-48.7
30159	-48.5
30176	-48.2
30196	-47.9
30216	-47.8
30235	-47.8
30256	-48.0
30277	-48.2
30300	-48.1
30319	-47.7
30339	-47.2
30361	-46.7
30382	-46.5
30402	-46.8
30426	-47.2
30453	-47.6
30479	-47.6
30499	-47.2
30520	-46.7
30538	-46.3
30562	-46.0
30583	-45.8
30605	-45.7
30627	-45.3
30649	-44.6
30672	-44.1
30696	-43.7
30718	-43.5
30737	-43.4
30755	-43.7
30776	-44.3
30795	-45.1
30813	-45.8
30831	-46.0
30848	-45.8
30864	-45.7
30881	-45.7
30898	-46.0
30915	-46.5
30935	-47.1
30953	-47.6
30970	-47.8
30987	-47.8
31006	-47.7
31024	-47.5
31041	-47.2
31057	-47.0
31074	-47.0
31092	-47.0
31110	-47.0
31127	-46.8
31144	-46.6
31161	-46.5
31180	-46.8
31200	-47.4
31221	-48.0
31238	-48.3
31253	-48.4
31270	-48.1
31288	-47.7
31306	-47.4
31323	-47.3
31342	-47.5
31363	-47.9
31381	-48.2
31400	-48.4
31418	-48.2
31437	-47.9
31456	-47.6
31475	-47.5
31494	-47.7
31514	-48.1
31533	-48.6
31551	-49.1
31570	-49.3
31586	-49.2
31601	-49.1
31618	-49.1
31635	-49.3
31653	-49.4
31671	-49.3
31689	-49.0
31706	-48.6
31723	-48.3
31741	-48.2
31759	-48.5
31776	-48.9
31794	-49.2
31811	-49.4
31829	-49.6
31847	-49.9
31864	-50.1
31883	-50.1
31900	-50.1
31919	-50.2
31937	-50.2
31955	-50.2
31973	-50.1
31991	-49.9
32008	-49.6
32026	-49.2
32046	-48.4
32065	-47.4
32081	-46.5
32101	-45.8
32119	-45.2
32139	-44.6
32159	-43.9
32179	-43.4
32200	-43.0
32220	-42.8
32244	-42.7
32266	-42.8
32286	-42.9
32303	-42.9
32321	-42.8
32341	-42.5
32362	-42.0
32383	-41.5
32403	-41.0
32422	-40.6
32443	-40.3
32463	-40.5
32481	-41.4
32497	-43.1
32514	-45.4
32535	-47.8
32559	-49.6
32579	-50.8
32599	-51.6
32616	-51.9
32632	-52.1
32647	-52.3
32662	-52.4
32678	-52.6
32698	-52.7
32716	-52.7
32734	-52.7
32751	-52.5
32767	-52.5
32783	-52.6
32799	-53.0
32815	-53.6
32832	-54.2
32848	-54.8
32864	-55.1
32880	-54.9
32897	-54.2
32914	-53.2
32933	-52.0
32952	-51.1
32971	-50.6
32991	-50.6
33009	-50.9
33028	-51.4
33048	-51.8
33071	-52.1
33092	-52.2
33112	-52.1
33134	-52.0
33155	-51.6
33174	-51.2
33195	-51.0
33214	-51.0
33235	-51.4
33256	-51.8
33276	-52.3
33296	-52.8
33316	-53.0
33335	-52.6
33354	-51.6
33374	-50.2
33391	-48.7
33407	-47.3
33425	-46.0
33443	-45.0
33462	-44.1
33482	-43.5
33503	-43.2
33522	-43.1
33541	-43.0
33560	-42.8
33581	-42.7
33600	-42.6
33621	-42.5
33643	-42.3
33663	-42.1
33682	-42.1
33701	-42.5
33719	-43.5
33744	-44.9
33769	-46.3
33792	-47.4
33813	-48.3
33833	-49.1
33855	-49.6
33875	-50.0
33894	-50.3
33914	-50.6
33932	-50.8
33952	-51.2
33973	-51.4
33993	-51.4
34013	-51.2
34033	-50.6
34052	-50.1
34073	-49.7
34097	-49.6
34120	-49.7
34141	-49.9
34162	-49.8
34185	-49.6
34208	-49.5
34228	-49.3
34248	-49.3
34270	-49.4
34290	-49.8
34310	-50.2
34330	-50.4
34351	-50.4
34371	-50.3
34391	-50.1
34412	-49.7
34432	-49.3
34450	-48.9
34469	-48.8
34492	-48.8
34514	-49.0
34536	-49.3
34558	-49.6
34580	-49.8
34601	-49.8
34622	-49.5
34644	-48.9
34666	-48.2
34684	-47.6
34706	-47.1
34727	-46.6
34748	-45.6
34764	-44.1
34779	-42.6
34795	-41.5
34812	-41.0
34828	-41.0
34845	-41.2
34861	-41.4
34878	-41.6
34896	-42.0
34914	-42.3
34929	-42.6
34945	-42.8
34961	-42.9
34977	-42.8
34996	-42.4
35013	-41.8
35030	-40.9
35048	-40.0
35066	-39.3
35086	-39.0
35103	-39.0
35120	-39.2
35139	-39.4
35156	-39.4
35173	-39.2
35190	-38.9
35208	-38.8
35226	-38.7
35244	-38.5
35260	-38.5
35277	-38.5
35295	-38.3
35313	-38.1
35330	-37.7
35349	-37.2
35368	-36.6
35388	-36.3
35408	-36.2
35426	-36.3
35444	-36.8
35461	-37.8
35476	-39.4
35492	-41.4
35509	-43.5
35527	-45.3
35544	-46.4
35563	-47.1
35581	-47.3
35602	-47.4
35622	-47.2
35644	-46.9
35666	-46.5
35686	-46.1
35707	-45.7
35727	-45.4
35748	-45.5
35768	-46.0
35788	-47.0
35806	-48.1
35823	-49.2
35839	-50.1
35856	-50.9
35873	-51.4
35889	-51.6
35906	-51.3
35923	-50.5
35941	-49.5
35957	-48.7
35974	-48.3
35991	-48.3
36010	-48.4
36028	-48.7
36047	-48.9
36067	-48.9
36084	-48.7
36104	-48.3
36123	-47.9
36144	-47.6
36166	-47.3
36186	-47.1
36205	-47.1
36225	-47.3
36244	-47.8
36262	-48.3
36281	-48.7
36299	-48.8
36318	-48.5
36338	-47.9
36357	-47.3
36376	-46.9
36394	-46.9
36412	-47.2
36432	-47.4
36450	-47.3
36466	-46.8
36480	-46.3
36496	-46.1
36513	-46.4
36532	-47.0
36553	-47.6
36573	-47.6
36591	-47.2
36609	-46.3
36628	-45.3
36648	-44.4
36668	-43.7
36687	-43.4
36706	-43.4
36724	-43.6
36742	-43.7
36760	-43.9
36780	-43.9
36798	-43.8
36816	-43.5
36832	-43.3
36848	-43.4
36864	-43.7
36879	-44.0
36899	-44.3
36920	-44.4
36939	-44.5
36957	-44.5
36975	-44.5
36993	-44.3
37011	-44.0
37028	-43.9
37045	-43.9
37064	-43.8
37083	-43.7
37102	-43.4
37122	-43.0
37142	-42.5
37160	-42.0
37178	-41.5
37196	-41.1
37214	-40.8
37232	-40.5
37251	-40.4
37269	-40.4
37288	-40.4
37306	-40.3
37324	-40.3
37343	-40.4
37361	-40.7
37380	-41.0
37399	-41.1
37416	-40.8
37434	-40.2
37453	-39.5
37472	-38.9
37491	-38.6
37510	-38.5
37528	-38.5
37548	-38.4
37567	-38.3
37586	-38.3
37604	-38.3
37622	-38.3
37642	-38.2
37660	-38.1
37679	-38.0
37697	-37.9
37716	-37.9
37736	-37.9
37755	-38.0
37775	-38.0
37794	-38.1
37812	-38.2
37830	-38.2
37849	-38.3
37867	-38.4
37885	-38.4
37902	-38.2
37918	-38.0
37938	-37.7
37957	-37.5
37975	-37.3
37993	-37.2
38012	-37.1
38031	-37.0
38048	-37.0
38066	-37.0
38084	-36.8
38103	-36.4
38120	-36.1
38138	-35.8
38156	-35.9
38175	-36.4
38192	-37.3
38210	-38.8
38231	-40.6
38256	-42.4
38279	-43.7
38301	-44.7
38319	-45.4
38338	-45.8
38356	-46.0
38376	-45.9
38398	-45.7
38420	-45.4
38441	-45.3
38460	-45.4
38484	-45.7
38502	-46.0
38522	-46.4
38543	-46.7
38564	-46.9
38582	-46.9
38601	-46.8
38623	-46.8
38642	-46.9
38659	-47.2
38679	-47.6
38698	-48.2
38717	-48.7
38735	-48.9
38752	-48.9
38769	-48.8
38785	-48.6
38802	-48.6
38822	-48.5
38838	-48.4
38861	-48.3
38880	-48.0
38901	-47.7
38922	-47.4
38941	-47.1
38958	-46.8
38975	-46.8
38994	-47.2
39012	-48.0
39029	-49.0
39046	-49.8
39064	-50.3
39083	-50.5
39101	-50.4
39118	-50.3
39138	-50.0
39155	-49.6
39172	-49.1
39189	-48.9
39206	-48.8
39225	-49.0
39243	-49.3
39260	-49.5
39280	-49.6
39299	-49.5
39317	-49.3
39336	-49.2
39356	-49.2
39374	-49.2
39390	-49.2
39408	-49.0
39426	-48.8
39443	-48.7
39461	-48.8
39482	-49.3
39504	-49.7
39524	-49.9
39543	-49.5
39561	-48.9
39582	-48.4
39600	-48.3
39621	-48.6
39640	-48.9
39663	-48.9
39684	-48.7
39703	-48.6
39724	-48.6
39744	-48.7
39766	-48.9
39787	-49.1
39807	-49.3
39828	-49.5
39850	-49.7
39869	-49.8
39887	-49.4
39905	-48.7
39924	-47.8
39946	-46.8
39968	-45.7
39989	-44.6
40008	-43.6
40028	-42.8
40049	-42.3
40070	-41.9
40090	-41.7
40110	-41.8
40130	-42.3
40150	-43.3
40169	-44.7
40187	-46.3
40205	-47.5
40224	-48.0
40244	-48.0
40263	-47.8
40279	-47.7
40299	-47.5
40318	-47.4
40336	-47.4
40354	-47.3
40371	-47.3
40390	-47.3
40410	-47.2
40433	-47.2
40454	-47.2
40475	-47.2
40494	-47.1
40513	-47.1
40531	-47.2
40549	-47.5
40568	-48.0
40586	-48.6
40603	-49.1
40619	-49.5
40635	-49.6
40650	-49.5
40665	-49.4
40680	-49.2
40696	-49.1
40714	-49.3
40728	-49.6
40742	-50.0
40758	-50.1
40777	-49.7
40794	-48.9
40811	-47.7
40828	-46.5
40847	-45.7
40865	-45.2
40883	-45.0
40902	-44.9
40921	-44.7
40942	-44.3
40962	-43.8
40980	-42.9
40999	-41.9
41017	-40.9
41038	-39.9
41060	-39.0
41084	-38.4
41105	-38.3
41125	-38.3
41146	-38.6
41164	-38.8
41184	-38.7
41203	-38.4
41223	-38.2
41243	-38.1
41261	-37.9
41280	-37.5
41298	-37.1
41318	-36.8
41338	-36.5
41358	-36.0
41378	-35.4
41397	-35.1
41415	-35.1
41432	-36.0
41449	-37.8
41468	-40.3
41487	-43.0
41509	-45.2
41528	-46.7
41545	-47.7
41562	-48.3
41581	-48.7
41602	-48.6
41621	-48.4
41638	-48.1
41657	-48.0
41676	-48.0
41693	-48.1
41711	-48.1
41729	-48.3
41748	-48.6
41767	-49.1
41786	-49.4
41804	-49.5
41822	-49.2
41839	-48.8
41857	-48.5
41876	-48.5
41895	-48.7
41915	-49.0
41932	-49.1
41950	-49.1
41969	-49.0
41988	-49.1
42007	-49.3
42026	-49.3
42045	-49.3
42063	-49.1
42081	-48.9
42100	-48.5
42120	-48.1
42142	-47.6
42162	-47.2
42184	-47.2
42204	-47.3
42227	-47.3
42248	-47.1
42268	-46.5
42286	-45.6
42304	-44.6
42322	-43.8
42343	-43.4
42365	-43.3
42385	-43.4
42405	-43.5
42425	-43.8
42443	-44.2
42462	-44.8
42481	-45.3
42499	-45.5
42518	-45.4
42537	-45.3
42555	-45.1
42575	-44.9
42596	-44.5
42615	-43.9
42635	-43.4
42657	-43.0
42677	-42.5
42699	-41.9
42722	-41.5
42744	-41.2
42767	-41.0
42792	-40.8
42814	-40.7
42834	-40.5
42854	-40.4
42874	-40.3
42893	-40.0
42913	-39.7
42933	-39.5
42953	-39.3
42974	-39.1
42996	-38.7
43017	-38.2
43038	-37.7
43060	-37.4
43080	-37.4
43101	-37.7
43120	-38.3
43139	-39.1
43158	-39.9
43175	-40.6
43191	-41.2
43209	-41.5
43227	-41.5
43245	-41.1
43263	-40.5
43281	-40.1
43299	-40.0
43316	-40.5
43333	-41.7
43354	-43.5
43377	-45.5
43400	-47.2
43421	-48.6
43439	-49.7
43457	-50.6
43474	-51.3
43490	-51.8
43507	-52.0
43526	-52.3
43543	-52.6
43559	-53.1
43577	-53.6
43595	-54.1
43612	-54.2
43630	-54.0
43648	-53.4
43665	-52.5
43683	-51.5
43701	-50.6
43721	-49.8
43741	-49.5
43761	-49.4
43781	-49.5
43802	-49.5
43822	-49.4
43841	-49.2
43859	-49.2
43877	-49.5
43896	-50.1
43916	-50.9
43933	-51.6
43952	-52.0
43971	-51.9
43988	-51.1
44006	-50.2
44025	-49.6
44044	-49.4
44061	-49.8
44081	-50.5
44103	-51.3
44119	-51.9
44137	-52.3
44154	-52.3
44171	-52.0
44188	-51.4
44205	-50.8
44220	-50.5
44237	-50.5
44253	-50.8
44271	-50.9
44289	-50.6
44307	-49.8
44327	-48.8
44346	-47.6
44365	-46.4
44384	-45.1
44404	-43.9
44426	-42.9
44446	-42.2
44465	-41.9
44485	-42.0
44504	-42.5
44524	-43.2
44542	-44.1
44564	-45.0
44583	-45.8
44604	-46.5
44623	-46.7
44647	-46.6
44668	-46.1
44687	-45.3
44705	-44.5
44725	-43.8
44746	-43.6
44767	-43.8
44786	-44.1
44806	-44.4
44824	-44.7
44843	-44.9
44862	-45.2
44882	-45.5
44901	-45.5
44920	-45.1
44939	-44.6
44959	-44.0
44979	-43.4
44999	-42.9
45018	-42.6
45037	-42.6
45056	-42.7
45075	-42.8
45095	-42.7
45113	-42.6
45132	-42.4
45151	-42.1
45172	-41.9
45195	-41.6
45216	-41.3
45237	-41.2
45258	-41.3
45277	-41.5
45297	-41.7
45316	-41.7
45335	-41.8
45354	-41.7
45375	-41.5
45393	-41.0
45413	-40.3
45432	-39.6
45451	-38.9
45472	-38.4
45491	-38.2
45508	-38.3
45526	-38.4
45544	-38.5
45564	-38.3
45583	-38.0
45602	-37.6
45622	-37.2
45640	-36.9
45660	-36.8
45680	-36.6
45700	-36.5
45720	-36.5
45738	-36.5
45758	-36.5
45777	-36.4
45794	-36.3
45812	-36.3
45830	-36.4
45849	-36.3
45868	-36.1
45887	-35.9
45906	-35.8
45926	-35.8
45945	-35.9
45965	-36.0
45985	-35.9
46006	-35.5
46026	-34.9
46046	-34.4
46066	-34.1
46085	-34.1
46104	-34.4
46124	-34.6
46142	-34.8
46161	-34.8
46179	-34.7
46198	-34.6
46217	-34.4
46237	-34.3
46257	-34.4
46278	-34.5
46296	-34.6
46316	-34.8
46334	-34.9
46353	-35.0
46371	-35.0
46389	-35.0
46408	-34.9
46428	-34.7
46448	-34.4
46468	-34.0
46488	-33.7
46510	-33.6
46532	-33.8
46552	-34.1
46570	-34.5
46588	-34.7
46606	-34.6
46626	-34.2
46643	-33.8
46660	-33.4
46679	-33.3
46697	-33.2
46714	-33.1
46733	-33.0
46752	-33.0
46771	-32.8
46789	-32.7
46806	-33.0
46823	-33.8
46842	-35.3
46862	-37.5
46886	-39.7
46909	-41.7
46929	-43.2
46948	-44.3
46968	-44.9
46988	-45.2
47008	-45.4
47027	-45.4
47046	-45.3
47065	-45.1
47082	-44.9
47102	-44.7
47121	-44.7
47140	-44.9
47159	-45.2
47178	-45.6
47196	-45.8
47214	-45.8
47233	-45.7
47252	-45.8
47272	-45.8
47292	-45.6
47310	-45.2
47328	-44.8
47347	-44.5
47366	-44.5
47386	-45.0
47404	-45.7
47423	-46.6
47443	-47.3
47459	-47.8
47478	-48.1
47496	-48.1
47517	-47.8
47537	-47.1
47557	-46.2
47576	-45.3
47597	-44.6
47619	-44.3
47640	-44.3
47660	-44.6
47680	-45.3
47700	-46.2
47720	-47.1
47741	-47.8
47760	-48.2
47779	-48.2
47797	-48.0
47814	-47.6
47832	-47.0
47851	-46.4
47871	-45.9
47892	-45.8
47914	-46.1
47934	-46.4
47955	-46.7
47977	-46.8
47997	-46.9
48016	-47.0
48037	-47.0
48056	-47.1
48076	-47.2
48095	-47.5
48114	-48.0
48134	-48.7
48152	-49.3
48170	-49.7
48188	-49.7
48206	-49.4
48224	-49.0
48243	-48.8
48261	-48.6
48279	-48.4
48299	-48.1
48319	-47.6
48339	-47.0
48358	-46.5
48379	-46.1
48400	-45.7
48424	-45.4
48447	-44.9
48470	-44.4
48492	-43.9
48513	-43.4
48533	-42.8
48553	-42.5
48575	-42.3
48597	-42.4
48616	-42.6
48637	-42.8
48659	-42.9
48682	-42.9
48704	-42.8
48724	-42.6
48744	-42.4
48765	-42.3
48786	-42.3
48806	-42.1
48827	-41.8
48849	-41.1
48870	-40.3
48891	-39.5
48913	-38.9
48935	-38.5
48956	-38.2
48976	-38.2
48996	-38.4
49016	-38.8
49035	-39.5
49053	-40.5
49072	-41.4
49092	-42.1
49112	-42.1
49132	-41.3
49152	-40.1
49172	-38.8
49194	-37.8
49217	-37.2
49238	-37.0
49258	-37.4
49277	-38.5
49294	-40.0
49312	-41.6
49331	-42.9
49350	-43.9
49367	-44.6
49385	-45.2
49403	-45.4
49424	-45.5
49443	-45.3
49462	-44.9
49481	-44.4
49499	-43.9
49518	-43.5
49537	-43.2
49557	-42.9
49579	-42.7
49600	-42.5
49621	-42.1
49640	-41.6
49660	-41.2
49680	-41.0
49701	-41.0
49720	-41.0
49738	-41.0
49758	-41.0
49778	-41.0
49796	-41.0
49816	-41.0
49835	-41.2
49852	-41.4
49870	-41.6
49888	-41.9
49908	-42.2
49927	-42.4
49946	-42.4
49965	-42.2
49984	-41.8
50004	-41.3
50025	-40.9
50046	-40.6
50067	-40.6
50086	-40.9
50105	-41.4
50124	-41.8
50143	-42.0
50162	-42.0
50181	-41.9
50199	-41.7
50217	-41.6
50238	-41.5
50257	-41.6
50276	-41.8
50294	-42.0
50313	-42.2
50331	-42.3
50349	-42.3
50369	-42.0
50388	-41.7
50405	-41.5
50423	-41.3
50442	-41.3
50464	-41.3
50484	-41.1
50502	-40.8
50519	-40.6
50540	-40.7
50558	-41.0
50577	-41.2
50595	-41.4
50614	-41.5
50633	-41.4
50653	-41.2
50672	-40.9
50690	-40.9
50708	-40.9
50727	-40.9
50747	-41.0
50766	-41.1
50783	-41.4
50803	-41.7
50822	-41.9
50841	-41.9
50861	-41.7
50879	-41.4
50898	-41.3
50916	-41.4
50934	-41.6
50953	-41.9
50972	-42.0
50991	-41.9
51009	-41.6
51028	-41.4
51047	-41.2
51065	-41.0
51082	-41.1
51100	-41.4
51122	-41.8
51140	-42.0
51158	-42.1
51175	-42.1
51193	-42.0
51210	-42.0
51229	-42.1
51247	-42.3
51264	-42.6
51283	-42.7
51301	-42.6
51318	-42.1
51337	-41.5
51355	-41.1
51373	-41.0
51392	-40.9
51412	-40.7
51431	-40.7
51450	-40.9
51469	-41.5
51489	-42.1
51508	-42.8
51526	-43.3
51542	-43.6
51560	-43.8
51575	-44.0
51592	-44.1
51611	-43.9
51630	-43.4
51651	-42.5
51670	-41.4
51690	-40.2
51709	-39.3
51728	-38.7
51746	-38.6
51765	-38.8
51784	-39.3
51803	-39.8
51822	-40.3
51841	-40.7
51857	-40.8
51875	-40.7
51893	-40.4
51911	-40.0
51930	-39.5
51950	-39.2
51969	-39.2
51989	-39.3
52009	-39.6
52028	-39.9
52048	-40.1
52068	-40.2
52090	-39.9
52112	-39.5
52131	-39.1
52152	-38.8
52174	-38.5
52195	-38.2
52215	-38.1
52236	-38.1
52257	-38.5
52277	-38.9
52296	-39.4
52314	-39.8
52332	-39.9
52350	-40.0
52369	-40.2
52388	-40.3
52408	-40.2
52427	-39.9
52445	-39.5
52464	-39.1
52482	-38.8
52500	-38.7
52518	-38.9
52537	-39.2
52557	-39.3
52574	-39.4
52592	-39.6
52611	-39.9
52630	-40.3
52647	-40.5
52665	-40.5
52682	-40.5
52699	-40.4
52716	-40.3
52734	-40.2
52753	-40.1
52771	-40.0
52789	-39.8
52806	-39.6
52824	-39.5
52842	-39.5
52860	-39.5
52879	-39.6
52898	-39.8
52915	-39.9
52932	-39.8
52952	-39.7
52971	-39.5
52989	-39.3
53009	-39.1
53029	-39.0
53049	-39.2
53068	-39.6
53086	-39.9
53104	-40.0
53122	-40.1
53140	-40.0
53159	-39.8
53178	-39.6
53198	-39.3
53219	-38.8
53237	-38.5
53257	-38.4
53277	-38.6
53296	-38.9
53314	-39.2
53333	-39.2
53351	-39.0
53369	-38.9
53387	-38.9
53405	-39.1
53423	-39.2
53441	-39.1
53459	-39.0
53478	-38.9
53497	-38.8
53518	-38.8
53536	-38.8
53554	-38.7
53572	-38.5
53590	-38.3
53609	-38.1
53626	-38.1
53644	-38.4
53662	-38.9
53681	-39.5
53699	-39.9
53718	-40.1
53737	-40.0
53754	-39.7
53772	-39.3
53791	-38.7
53811	-38.1
53829	-37.5
53848	-36.9
53868	-36.4
53885	-36.2
53903	-36.4
53922	-37.1
53939	-38.3
53959	-39.8
53978	-41.1
53997	-41.9
54018	-41.9
54034	-40.8
54050	-39.4
54065	-38.0
54082	-37.1
54101	-36.6
54120	-36.2
54140	-36.2
54156	-36.4
54174	-36.8
54188	-37.4
54201	-38.5
54216	-40.4
54236	-42.9
54258	-45.3
54279	-47.1
54298	-48.2
54316	-48.7
54333	-48.8
54349	-48.6
54366	-48.3
54383	-48.2
54402	-48.2
54421	-48.3
54439	-48.6
54460	-48.9
54478	-49.3
54496	-49.6
54516	-49.6
54536	-49.3
54556	-48.8
54574	-48.3
54593	-48.0
54611	-47.9
54631	-47.8
54651	-47.8
54672	-47.7
54694	-47.5
54716	-47.4
54739	-47.2
54761	-46.9
54781	-46.6
54801	-46.2
54823	-46.0
54846	-45.6
54872	-44.8
54898	-43.5
54919	-41.9
54942	-40.7
54962	-40.3
54981	-41.0
54999	-42.5
55022	-44.2
55042	-45.8
55064	-47.0
55088	-47.8
55108	-48.2
55128	-48.2
55149	-48.0
55169	-47.6
55187	-47.4
55207	-47.4
55228	-47.6
55249	-47.8
55271	-48.0
55292	-47.9
55313	-47.5
55334	-46.7
55360	-45.8
55385	-44.7
55409	-43.6
55429	-42.3
55450	-41.0
55470	-40.0
55492	-39.5
55515	-39.4
55537	-39.5
55557	-39.5
55580	-39.7
55603	-39.7
55623	-39.8
55643	-39.6
55661	-39.3
55680	-39.0
55701	-38.7
55720	-38.8
55738	-39.3
55758	-40.3
55782	-41.7
55804	-43.4
55827	-45.1
55847	-46.6
55868	-47.7
55889	-48.3
55909	-48.5
55929	-48.4
55950	-48.2
55969	-48.1
55989	-48.1
56009	-48.1
56029	-48.0
56050	-47.8
56071	-47.4
56091	-47.0
56113	-46.6
56135	-46.4
56156	-46.3
56176	-46.4
56198	-46.6
56221	-46.7
56242	-46.6
56263	-46.5
56284	-46.5
56303	-46.6
56324	-46.7
56349	-46.6
56370	-46.5
56391	-46.3
56411	-46.2
56431	-46.1
56450	-45.9
56469	-45.5
56489	-44.9
56509	-44.4
56528	-44.1
56548	-43.8
56567	-43.6
56586	-43.4
56605	-43.1
56627	-42.8
56648	-42.3
56667	-41.8
56685	-41.3
56704	-40.9
56724	-40.7
56743	-40.6
56763	-40.7
56782	-40.9
56801	-41.2
56821	-41.5
56843	-41.9
56864	-42.2
56883	-42.4
56903	-42.4
56922	-42.3
56944	-42.2
56963	-42.2
56983	-42.2
57002	-42.3
57022	-42.5
57042	-43.0
57061	-43.4
57080	-43.5
57098	-43.4
57116	-43.0
57133	-42.6
57154	-42.3
57176	-42.1
57195	-42.1
57215	-42.2
57234	-42.4
57253	-42.6
57273	-42.6
57294	-42.4
57314	-42.0
57336	-41.5
57356	-40.9
57377	-40.6
57400	-40.4
57422	-40.4
57445	-40.3
57466	-40.3
57487	-40.3
57509	-40.2
57532	-40.0
57555	-39.8
57577	-39.5
57598	-39.3
57618	-39.2
57638	-39.3
57658	-39.6
57678	-39.9
57701	-39.9
57723	-39.7
57744	-39.3
57766	-38.8
57786	-38.4
57806	-38.1
57826	-38.1
57845	-38.2
57864	-38.4
57882	-38.8
57902	-39.4
57925	-39.9
57948	-40.2
57972	-40.0
57991	-39.6
58009	-39.6
58026	-40.2
58043	-41.8
58066	-43.7
58089	-45.4
58114	-46.3
58135	-46.3
58158	-45.4
58179	-43.7
58197	-41.6
58215	-39.8
58231	-39.0
58248	-39.3
58266	-40.7
58287	-42.7
58306	-44.8
58326	-46.5
58346	-47.7
58362	-48.5
58380	-49.1
58400	-49.3
58419	-49.2
58437	-48.9
58457	-48.6
58475	-48.4
58498	-48.3
58518	-48.2
58540	-47.9
58559	-47.1
58578	-46.1
58596	-44.9
58616	-43.4
58636	-42.1
58656	-40.9
58676	-40.1
58697	-39.8
58714	-39.8
58732	-40.1
58752	-40.9
58772	-41.9
58793	-42.6
58817	-42.8
58839	-42.6
58859	-41.7
58881	-40.7
58903	-39.5
58926	-38.4
58947	-37.5
58969	-36.8
58992	-36.4
59013	-36.3
59033	-36.7
59050	-37.6
59068	-39.0
59091	-41.0
59115	-43.0
59137	-44.7
59158	-45.9
59179	-46.5
59201	-46.7
59221	-46.7
59244	-46.1
59271	-44.9
59296	-43.0
59320	-40.7
59339	-38.2
59361	-36.4
59381	-35.3
59401	-35.3
59421	-36.4
59440	-38.4
59462	-40.9
59487	-43.2
59509	-45.2
59532	-46.6
59554	-47.5
59575	-47.9
59597	-48.1
59616	-48.0
59637	-47.6
59660	-47.1
59681	-46.5
59701	-45.8
59721	-45.1
59742	-44.9
59763	-45.0
59782	-45.6
59802	-46.3
59824	-47.0
59845	-47.3
59866	-47.1
59888	-46.7
59910	-46.1
59932	-45.6
59953	-45.5
59973	-45.6
59994	-45.8
60015	-45.9
60037	-46.0
60057	-46.0
60077	-46.2
60096	-46.3
60116	-46.4
60135	-46.4
60154	-46.3
60174	-46.2
60194	-46.0
60215	-45.7
60235	-45.4
60255	-45.0
60275	-44.8
60295	-44.7
60315	-44.7
60335	-44.9
60355	-45.1
60375	-45.2
60395	-45.3
60415	-45.3
60435	-45.3
60455	-45.2
60475	-45.2
60495	-45.1
60515	-45.0
60535	-44.9
60555	-44.8
60575	-44.7
60595	-44.6
60615	-44.6
60635	-44.7
60655	-44.7
60675	-44.8
60695	-44.9
60715	-45.0
60735	-45.3
60755	-45.6
60775	-45.9
60795	-46.0
60815	-46.1
60835	-46.1
60855	-46.0
60875	-47.3
60895	-47.2
60915	-47.1
60935	-47.0
60955	-47.0
60975	-47.2
60995	-47.6
61015	-48.0
61035	-48.3
61055	-48.2
61075	-48.0
61095	-47.7
61115	-47.5
61135	-47.6
61155	-47.7
61175	-47.6
61195	-47.5
61215	-47.3
61235	-47.2
61255	-47.3
61275	-47.4
61295	-47.5
61315	-47.4
61335	-47.1
61355	-46.7
61375	-46.3
61395	-46.1
61415	-46.0
61435	-46.0
61455	-46.2
61475	-46.5
61495	-47.0
61515	-47.6
61535	-48.3
61555	-48.9
61575	-49.2
61595	-49.2
61615	-48.9
61635	-48.4
61655	-47.7
61675	-47.1
61695	-46.6
61715	-46.2
61735	-46.1
61755	-46.3
61775	-46.8
61795	-47.4
61815	-48.0
61835	-48.4
61855	-48.5
61875	-48.3
61895	-47.8
61915	-47.3
61935	-46.9
61955	-46.7
61975	-46.9
61995	-47.3
62015	-47.8
62035	-48.3
62055	-48.7
62075	-48.9
62095	-48.8
62115	-48.5
62135	-48.1
62155	-47.7
62174	-47.4
62195	-47.4
62215	-47.6
62235	-48.0
62255	-48.4
62275	-48.6
62296	-48.5
62315	-48.3
62335	-47.9
62355	-47.6
62375	-47.5
62395	-47.6
62415	-47.9
62435	-48.2
62455	-48.6
62475	-48.9
62495	-49.1
62515	-49.1
62535	-49.0
62555	-48.9
62575	-48.7
62595	-48.6
62615	-48.4
62635	-48.2
62655	-48.1
62675	-48.2
62695	-48.4
62715	-48.7
62735	-48.9
62755	-49.0
62775	-48.9
62795	-48.6
62815	-48.2
62835	-48.0
62855	-48.0
62875	-48.2
62895	-48.5
62915	-48.6
62935	-48.6
62955	-48.3
62975	-48.0
62995	-47.7
63015	-47.6
63035	-47.7
63055	-48.0
63075	-48.4
63095	-48.8
63115	-49.1
63135	-49.1
63155	-49.0
63175	-48.9
63195	-48.7
63215	-48.6
63235	-48.5
63255	-48.3
63275	-48.0
63295	-47.7
63315	-47.3
63335	-47.0
63355	-46.7
63375	-46.4
63395	-46.3
63415	-46.2
63435	-46.2
63455	-46.4
63475	-46.6
63495	-46.9
63515	-47.1
63535	-47.2
63555	-47.2
63575	-46.9
63595	-46.6
63615	-46.2
63635	-46.0
63655	-46.0
63675	-46.1
63695	-46.4
63715	-46.8
63735	-47.2
63755	-47.6
63775	-47.9
63795	-47.8
63815	-47.3
63835	-46.5
63855	-45.3
63875	-43.8
63895	-42.3
63915	-41.0
63935	-40.2
63955	-39.7
63975	-39.3
63995	-39.1
64015	-38.9
64035	-38.9
64055	-39.1
64075	-39.7
64095	-40.8
64115	-42.3
64135	-43.7
64155	-45.1
64175	-46.3
64195	-47.4
64215	-48.3
64235	-49.0
64255	-49.2
64275	-49.0
64295	-48.5
64315	-48.1
64335	-48.0
64355	-48.4
64374	-49.0
64395	-49.6
64415	-50.2
64435	-50.5
64455	-50.8
64474	-51.0
64495	-51.4
64515	-51.7
64535	-52.1
64555	-52.3
64575	-52.2
64595	-52.0
64615	-51.6
64635	-51.2
64655	-51.0
64675	-50.9
64695	-50.8
64715	-50.7
64735	-50.4
64755	-49.9
64775	-49.5
64796	-49.1
64815	-49.0
64835	-49.2
64855	-49.5
64875	-49.9
64895	-50.1
64915	-50.0
64935	-49.7
64955	-49.2
64976	-48.7
64996	-48.2
65016	-48.1
65035	-48.2
65055	-48.5
65075	-48.9
65095	-49.3
65115	-49.4
65135	-49.2
65155	-48.9
65175	-48.4
65195	-47.9
65215	-47.5
65235	-47.2
65255	-47.1
65275	-47.3
65295	-47.7
65315	-48.3
65335	-49.0
65355	-49.8
65375	-50.4
65395	-50.7
65415	-50.7
65435	-50.5
65455	-50.3
65475	-50.2
65496	-50.1
65515	-50.2
65535	-50.4
65555	-50.5
65575	-50.4
65595	-50.3
65615	-50.0
65635	-49.7
65655	-49.4
65675	-49.1
65695	-49.0
65715	-48.9
65736	-49.1
65755	-49.3
65775	-49.7
65795	-50.1
65815	-50.6
65835	-50.9
65855	-51.2
65875	-51.3
65895	-51.3
65915	-51.1
65935	-50.8
65955	-50.5
65975	-50.1
65996	-49.9
66015	-49.7
66035	-49.7
66055	-49.7
66075	-49.8
66095	-49.9
66115	-49.8
66135	-49.7
66155	-49.4
66175	-49.0
66195	-48.5
66215	-48.1
66235	-47.8
66255	-47.7
66275	-47.8
66295	-48.0
66315	-48.4
66335	-48.7
66355	-48.9
66375	-49.0
66395	-49.0
66415	-49.1
66435	-49.2
66455	-49.4
66475	-49.5
66496	-49.6
66515	-49.5
66535	-49.4
66555	-49.3
66575	-49.3
66595	-49.5
66615	-49.7
66635	-49.8
66655	-49.7
66675	-49.3
66695	-48.8
66715	-48.2
66735	-47.8
66755	-47.7
66775	-47.8
66795	-48.1
66815	-48.5
66835	-48.8
66855	-49.0
66875	-49.0
66895	-48.8
66915	-48.6
66935	-48.5
66955	-48.5
66974	-48.6
66995	-49.0
67015	-49.3
67035	-49.6
67055	-49.8
67075	-49.8
67095	-49.6
67115	-49.4
67135	-49.2
67155	-49.2
67175	-49.3
67195	-49.7
67215	-50.1
67235	-50.4
67255	-50.4
67275	-50.2
67295	-49.7
67315	-49.1
67335	-48.4
67355	-47.8
67375	-47.4
67395	-47.1
67415	-47.0
67435	-47.0
67455	-47.2
67475	-47.6
67495	-47.9
67515	-48.2
67535	-48.5
67555	-48.8
67575	-49.1
67595	-49.4
67615	-49.7
67635	-50.0
67655	-50.3
67675	-50.6
67694	-50.8
67715	-50.9
67735	-50.8
67755	-50.6
67775	-50.3
67795	-50.1
67814	-50.0
67835	-50.0
67855	-50.2
67875	-50.3
67895	-50.4
67915	-50.4
67935	-50.2
67955	-50.1
67975	-49.9
67995	-49.8
68015	-49.8
68035	-49.8
68055	-49.9
68075	-50.0
68095	-50.0
68115	-50.1
68135	-50.2
68155	-50.4
68175	-50.5
68195	-50.5
68215	-50.3
68235	-50.1
68255	-49.7
68275	-49.4
68296	-49.2
68316	-49.1
68335	-49.0
68354	-49.1
68375	-49.2
68395	-49.3
68415	-49.5
68435	-49.7
68456	-50.0
68475	-50.3
68495	-50.5
68515	-50.5
68535	-50.4
68555	-50.2
68575	-49.9
68595	-49.6
68615	-49.3
68635	-49.1
68655	-49.0
68674	-49.0
68695	-49.0
68716	-49.0
68736	-49.1
68755	-49.3
68775	-49.4
68795	-49.3
68815	-49.2
68835	-49.0
68855	-48.7
68875	-48.6
68895	-48.5
68915	-48.6
68935	-48.8
68955	-48.7
68975	-48.5
68995	-48.1
69015	-47.7
69035	-47.4
69054	-47.4
69075	-47.5
69095	-47.6
69115	-47.8
69135	-48.1
69155	-48.3
69174	-48.5
69195	-48.7
69215	-48.9
69235	-49.0
69255	-49.0
69275	-48.9
69295	-48.7
69315	-48.4
69335	-48.2
69355	-47.9
69375	-47.6
69395	-47.2
69415	-46.7
69435	-46.1
69455	-45.4
69475	-44.7
69495	-44.0
69515	-43.4
69535	-42.9
69555	-42.7
69575	-42.7
69595	-43.1
69615	-44.0
69635	-45.2
69655	-46.6
69675	-47.9
69695	-49.0
69715	-49.7
69735	-50.2
69755	-50.3
69775	-50.3
69795	-50.1
69815	-49.9
69835	-49.8
69855	-49.6
69875	-49.6
69895	-49.5
69915	-49.5
69934	-49.5
69955	-49.4
69976	-49.4
69996	-49.3
70016	-49.2
70036	-49.1
70055	-49.0
70075	-48.9
70096	-48.8
70115	-48.6
70134	-48.4
70155	-48.1
70175	-47.9
70195	-47.9
70215	-47.9
70235	-48.1
70255	-48.4
70275	-48.7
70295	-48.9
70315	-49.0
70335	-49.0
70355	-48.9
70375	-48.5
70395	-48.1
70415	-47.5
70435	-46.9
70455	-46.3
70475	-45.8
70495	-45.5
70515	-45.4
70535	-45.4
70555	-45.6
70575	-45.7
70595	-45.8
70615	-45.8
70635	-45.7
70654	-45.7
70674	-45.8
70695	-45.8
70715	-46.0
70735	-46.2
70755	-46.3
70775	-46.4
70795	-46.4
70815	-46.1
70835	-45.5
70855	-44.8
70875	-44.0
70895	-43.2
70915	-42.7
70935	-42.4
70955	-42.3
70975	-42.1
70995	-42.0
71015	-41.7
71035	-41.6
71055	-41.6
71075	-41.8
71095	-42.2
71115	-42.7
71135	-43.2
71155	-43.4
71175	-43.1
71195	-42.6
71215	-41.9
71235	-41.4
71255	-41.0
71275	-40.7
71295	-40.6
71315	-40.6
71335	-40.8
71355	-41.2
71375	-41.5
71395	-41.8
71415	-41.9
71435	-41.8
71455	-41.6
71475	-41.3
71495	-41.0
71515	-40.9
71535	-40.9
71555	-41.0
71575	-41.2
71595	-41.3
71615	-41.4
71635	-41.4
71655	-41.3
71675	-40.9
71695	-40.6
71715	-40.3
71735	-40.2
71755	-40.1
71775	-40.0
71795	-39.9
71815	-39.7
71835	-39.5
71855	-39.3
71875	-39.2
71895	-39.0
71915	-38.9
71935	-38.8
71955	-38.8
71975	-38.8
71995	-38.7
72015	-38.6
72035	-38.5
72055	-38.2
72075	-37.8
72095	-37.4
72115	-37.1
72135	-37.0
72155	-37.0
72175	-37.1
72195	-37.0
72215	-36.8
72235	-36.8
72255	-37.1
72275	-38.0
72295	-39.6
72315	-42.2
72335	-43.8
72355	-45.5
72375	-47.3
72395	-48.8
72415	-49.9
72435	-50.5
72455	-50.6
72474	-50.6
72495	-50.3
72515	-50.1
72535	-49.9
72554	-49.8
72574	-49.8
72595	-50.0
72616	-50.2
72635	-50.4
72655	-50.6
72675	-50.7
72695	-50.7
72715	-50.6
72736	-50.5
72755	-50.3
72775	-50.1
72795	-50.0
72816	-49.9
72835	-49.9
72854	-49.9
72875	-49.9
72895	-49.8
72915	-49.6
72935	-49.4
72955	-49.2
72975	-49.1
72995	-49.0
73015	-49.0
73035	-49.2
73055	-49.3
73075	-49.4
73095	-49.4
73115	-49.4
73135	-49.3
73155	-49.1
73175	-49.1
73195	-49.1
73216	-49.1
73236	-49.2
73255	-49.3
73274	-49.4
73295	-49.4
73315	-49.4
73335	-49.5
73356	-49.6
73375	-49.7
73395	-49.9
73415	-50.1
73435	-50.2
73455	-50.3
73475	-50.3
73495	-50.3
73514	-50.2
73534	-50.0
73555	-49.9
73575	-49.7
73595	-49.6
73615	-49.5
73636	-49.5
73655	-49.5
73675	-49.6
73695	-49.7
73715	-49.9
73735	-50.1
73755	-50.2
73776	-50.3
73796	-50.4
73815	-50.3
73835	-50.1
73855	-49.9
73875	-49.7
73895	-49.5
73915	-49.4
73935	-49.4
73955	-49.7
73975	-50.1
73995	-50.5
74016	-50.7
74035	-50.6
74055	-50.0
74075	-49.3
74095	-48.7
74115	-48.1
74135	-47.7
74155	-47.3
74175	-46.9
74195	-46.4
74215	-45.7
74235	-45.0
74255	-44.2
74275	-43.6
74295	-43.2
74315	-43.1
74335	-43.2
74355	-43.5
74375	-44.0
74395	-44.5
74415	-44.8
74435	-44.9
74455	-44.7
74475	-44.5
74495	-44.2
74515	-44.1
74535	-44.0
74555	-43.8
74575	-43.6
74595	-43.3
74615	-43.1
74635	-42.8
74655	-42.7
74675	-42.5
74695	-42.4
74715	-42.3
74735	-42.2
74755	-42.0
74775	-41.8
74795	-41.6
74815	-41.4
74835	-41.2
74855	-41.2
74875	-41.3
74895	-41.4
74915	-41.4
74935	-41.5
74955	-41.4
74975	-41.3
74995	-41.3
75015	-41.2
75035	-41.1
75055	-41.1
75075	-41.1
75095	-41.1
75115	-41.1
75135	-41.1
75155	-41.1
75175	-41.1
75195	-41.0
75215	-40.9
75235	-40.7
75255	-40.6
75275	-40.6
75295	-40.8
75315	-40.9
75335	-41.0
75355	-41.0
75375	-41.0
75395	-41.1
75415	-41.2
75435	-41.2
75455	-41.2
75475	-41.2
75495	-41.1
75515	-41.0
75535	-40.9
75555	-40.7
75575	-40.4
75595	-39.9
75615	-39.4
75635	-39.2
75655	-39.3
75675	-39.5
75695	-39.8
75715	-40.0
75735	-40.2
75755	-40.4
75775	-40.5
75795	-40.5
75815	-40.3
75835	-39.9
75855	-39.4
75875	-38.9
75895	-38.6
75915	-38.5
75935	-38.7
75955	-38.9
75975	-39.0
75995	-39.1
76015	-39.0
76035	-38.8
76055	-38.6
76075	-38.3
76095	-38.2
76115	-38.0
76135	-38.0
76155	-37.9
76175	-37.7
76195	-37.4
76215	-37.1
76235	-36.9
76255	-36.8
76275	-36.7
76295	-36.5
76315	-36.2
76335	-35.7
76355	-35.2
76375	-35.1
76395	-35.5
76415	-36.7
76435	-38.6
76455	-40.8
76475	-43.1
76495	-45.0
76515	-46.1
76535	-46.8
76555	-47.3
76575	-47.4
76595	-47.3
76615	-47.1
76635	-46.8
76655	-46.5
76675	-46.3
76695	-46.2
76715	-46.1
76735	-46.1
76755	-46.2
76775	-46.4
76795	-46.6
76815	-46.8
76835	-46.9
76855	-46.8
76875	-46.7
76895	-46.6
76915	-46.5
76935	-46.5
76955	-46.6
76975	-46.6
76995	-46.6
77015	-46.5
77035	-46.2
77056	-46.0
77075	-45.8
77094	-45.7
77114	-45.8
77135	-46.0
77155	-46.2
77175	-46.3
77195	-46.4
77215	-46.4
77235	-46.3
77255	-46.1
77275	-45.9
77295	-45.8
77315	-45.8
77335	-45.9
77355	-46.2
77375	-46.6
77395	-46.9
77415	-47.2
77435	-47.2
77455	-47.1
77475	-46.9
77495	-46.5
77515	-46.1
77535	-45.7
77555	-45.3
77575	-45.1
77595	-44.9
77615	-44.9
77635	-44.9
77655	-45.0
77675	-45.0
77695	-44.9
77715	-44.6
77735	-44.4
77755	-44.1
77775	-43.7
77795	-43.4
77815	-43.0
77835	-42.5
77855	-41.9
77875	-41.2
77895	-40.7
77915	-40.3
77935	-40.0
77955	-39.8
77975	-39.6
77995	-39.6
78015	-39.7
78035	-39.8
78055	-40.1
78075	-40.4
78095	-40.7
78115	-41.0
78135	-41.4
78155	-41.6
78175	-41.9
78195	-42.1
78215	-42.2
78235	-42.2
78255	-42.2
78275	-42.1
78295	-42.0
78315	-42.0
78335	-42.0
78355	-42.0
78375	-42.0
78395	-41.8
78415	-41.4
78435	-41.1
78455	-40.7
78475	-40.3
78495	-40.2
78515	-40.3
78535	-40.5
78555	-40.7
78575	-40.7
78595	-40.7
78615	-40.6
78635	-40.5
78655	-40.6
78675	-40.8
78695	-40.8
78715	-40.5
78735	-40.0
78755	-39.2
78775	-38.4
78795	-37.8
78815	-37.4
78835	-37.1
78855	-36.8
78875	-36.6
78895	-36.5
78915	-36.4
78935	-36.5
78955	-36.5
78975	-36.4
78995	-36.2
79015	-36.1
79035	-36.2
79055	-36.4
79075	-36.6
79095	-36.7
79115	-36.5
79135	-36.1
79155	-35.6
79175	-35.2
79195	-34.9
79215	-35.0
79235	-35.4
79255	-36.3
79275	-37.5
79295	-38.4
79315	-39.1
79335	-39.3
79355	-39.2
79375	-39.1
79395	-38.9
79415	-38.7
79435	-38.4
79455	-38.1
79475	-37.9
79495	-38.0
79515	-38.1
79535	-38.4
79555	-38.5
79575	-38.5
79595	-38.4
79615	-38.2
79635	-38.0
79655	-38.0
79675	-38.2
79695	-38.5
79715	-38.9
79735	-39.1
79755	-39.2
79775	-39.1
79795	-38.9
79815	-38.7
79835	-38.4
79855	-38.1
79875	-37.7
79895	-37.4
79915	-37.3
79935	-37.5
79955	-37.7
79975	-38.0
79995	-38.2
80015	-38.3
80035	-38.3
80055	-38.2
80075	-38.1
80095	-38.1
80115	-38.0
80135	-37.8
80155	-37.6
80175	-37.4
80195	-37.3
80215	-37.3
80235	-37.4
80255	-37.8
80275	-38.2
80295	-38.7
80315	-38.9
80335	-39.0
80355	-38.9
80375	-38.7
80395	-38.7
80415	-38.7
80435	-38.7
80455	-38.6
80475	-38.4
80495	-38.1
80515	-37.7
80535	-37.5
80555	-37.4
80575	-37.5
80595	-37.7
80615	-38.0
80635	-38.4
80655	-38.8
80675	-39.0
80695	-39.2
80715	-39.1
80735	-39.0
80755	-38.7
80775	-38.4
80795	-38.1
80815	-37.8
80835	-37.6
80855	-37.4
80875	-37.2
80895	-37.2
80915	-37.4
80935	-37.7
80955	-38.0
80975	-38.2
80995	-38.2
81015	-38.2
81035	-38.1
81055	-38.0
81075	-37.9
81095	-37.9
81115	-37.9
81135	-37.9
81155	-38.0
81175	-38.0
81195	-37.9
81215	-37.7
81235	-37.6
81255	-37.5
81275	-37.4
81295	-37.4
81315	-37.6
81335	-37.8
81355	-38.0
81375	-38.0
81395	-38.0
81415	-38.0
81435	-38.0
81455	-37.9
81475	-37.8
81495	-37.9
81515	-38.0
81535	-38.1
81555	-38.2
81575	-38.0
81595	-37.8
81615	-37.5
81635	-37.3
81655	-37.1
81675	-37.1
81695	-37.1
81715	-37.1
81735	-37.2
81755	-37.3
81775	-37.2
81795	-36.9
81815	-36.6
81835	-36.4
81855	-36.5
81875	-36.8
81895	-37.3
81915	-37.7
81935	-38.1
81955	-38.5
81975	-38.7
81995	-38.9
82015	-38.9
82035	-38.8
82055	-38.7
82075	-38.5
82095	-38.3
82115	-38.0
82135	-37.6
82155	-37.4
82175	-37.3
82195	-37.3
82215	-37.4
82235	-37.8
82255	-38.3
82275	-39.0
82295	-39.4
82315	-39.6
82335	-39.5
82355	-39.2
82375	-38.8
82395	-38.5
82415	-38.3
82435	-38.4
82455	-38.4
82475	-38.3
82495	-38.1
82515	-37.9
82535	-37.7
82555	-37.7
82575	-37.7
82595	-37.8
82615	-38.0
82635	-38.1
82655	-38.1
82675	-38.0
82695	-37.8
82715	-37.5
82735	-37.2
82755	-37.2
82775	-37.5
82795	-37.9
82815	-38.3
82835	-38.6
82855	-38.9
82875	-38.9
82895	-38.8
82915	-38.7
82935	-38.6
82955	-38.5
82975	-38.4
82995	-38.1
83015	-37.5
83035	-36.8
83055	-36.0
83075	-35.4
83095	-35.0
83115	-34.8
83135	-34.8
83155	-35.1
83175	-35.5
83195	-36.1
83215	-36.6
83235	-37.0
83255	-37.1
83275	-37.1
83295	-37.1
83315	-37.2
83335	-37.3
83355	-37.5
83375	-37.6
83395	-37.7
83415	-37.7
83435	-37.8
83455	-37.8
83475	-37.7
83495	-37.5
83515	-37.0
83535	-36.4
83555	-35.8
83575	-35.3
83595	-34.9
83615	-34.7
83635	-34.7
83655	-34.6
83675	-34.6
83695	-34.6
83715	-34.8
83735	-35.2
83755	-35.8
83775	-36.2
83795	-36.6
83815	-36.9
83835	-37.2
83855	-37.6
83875	-38.0
83895	-38.1
83915	-38.1
83935	-37.8
83955	-37.4
83975	-37.0
83995	-36.4
84015	-35.9
84035	-35.5
84055	-35.3
84075	-35.3
84095	-35.5
84115	-35.7
84135	-35.9
84155	-36.2
84175	-36.5
84195	-36.8
84215	-36.9
84235	-36.9
84255	-36.9
84275	-37.1
84295	-37.4
84315	-37.6
84335	-37.8
84355	-38.0
84375	-38.0
84395	-37.9
84415	-37.4
84435	-36.7
84455	-36.0
84475	-35.4
84495	-34.9
84515	-34.6
84535	-34.5
84555	-34.4
84575	-34.2
84595	-34.0
84615	-33.7
84635	-33.3
84655	-33.0
84675	-33.0
84695	-33.3
84715	-33.9
84735	-34.9
84755	-36.5
84775	-38.7
84795	-41.2
84815	-43.5
84835	-45.2
84855	-46.2
84875	-46.5
84895	-46.4
84915	-45.9
84935	-45.2
84955	-44.1
84975	-42.9
84995	-41.6
85015	-40.7
85035	-40.4
85055	-40.8
85075	-41.6
85095	-42.6
85115	-43.2
85135	-43.3
85155	-43.3
85175	-43.3
85195	-43.7
85215	-44.2
85235	-44.8
85255	-45.2
85275	-45.3
85295	-45.0
85315	-44.5
85335	-43.9
85355	-43.3
85375	-42.9
85395	-42.8
85415	-43.0
85435	-43.4
85455	-44.0
85475	-44.6
85495	-45.0
85515	-45.3
85535	-45.2
85555	-45.0
85575	-44.9
85595	-44.9
85615	-45.2
85635	-45.6
85655	-45.9
85675	-46.0
85695	-46.0
85715	-45.9
85735	-45.8
85755	-45.8
85775	-45.8
85795	-45.8
85815	-45.6
85835	-45.4
85855	-45.2
85875	-45.2
85895	-45.3
85915	-45.5
85935	-45.7
85955	-45.7
85975	-45.5
85995	-45.1
86015	-44.6
86035	-44.1
86055	-43.7
86075	-43.4
86095	-43.0
86115	-42.7
86135	-42.3
86155	-42.1
86175	-42.1
86195	-42.5
86215	-43.2
86235	-43.8
86255	-44.4
86275	-44.7
86295	-44.9
86315	-45.0
86335	-45.2
86355	-45.3
86375	-45.5
86395	-45.5
86415	-45.5
86435	-45.2
86455	-44.9
86475	-44.5
86495	-44.0
86515	-43.7
86535	-43.5
86555	-43.5
86575	-43.6
86595	-43.9
86615	-44.3
86635	-44.7
86655	-45.0
86675	-45.4
86695	-45.6
86715	-45.9
86735	-46.0
86755	-46.1
86775	-46.0
86795	-45.7
86815	-45.4
86835	-45.0
86855	-44.7
86875	-44.5
86895	-44.4
86915	-44.2
86935	-44.0
86955	-43.8
86975	-43.7
86995	-43.7
87015	-43.7
87035	-43.9
87055	-44.1
87075	-44.5
87095	-44.9
87115	-45.3
87135	-45.6
87155	-45.7
87175	-45.8
87195	-45.8
87215	-45.7
87235	-45.6
87255	-45.3
87275	-45.0
87295	-44.7
87315	-44.5
87335	-44.4
87355	-44.4
87375	-44.5
87395	-44.5
87415	-44.4
87435	-44.4
87455	-44.4
87475	-44.5
87495	-44.7
87515	-44.9
87535	-45.0
87555	-45.0
87575	-44.7
87595	-44.4
87615	-43.9
87635	-43.2
87655	-42.6
87675	-41.8
87695	-41.1
87715	-40.4
87735	-39.7
87755	-39.1
87775	-38.7
87795	-38.6
87815	-38.7
87835	-39.0
87855	-39.4
87875	-39.9
87895	-40.2
87915	-40.5
87935	-40.6
87955	-40.5
87975	-40.2
87995	-39.8
88015	-39.4
88035	-39.1
88055	-38.7
88075	-38.4
88095	-38.1
88115	-37.9
88135	-37.7
88155	-37.7
88175	-37.9
88195	-38.2
88215	-38.6
88235	-38.8
88255	-38.8
88275	-38.5
88295	-38.2
88315	-37.8
88335	-37.5
88355	-37.2
88375	-37.0
88395	-36.9
88415	-37.0
88435	-37.2
88455	-37.4
88475	-37.7
88495	-37.9
88515	-37.9
88535	-37.8
88555	-37.6
88575	-37.4
88595	-37.2
88615	-37.0
88635	-36.8
88655	-36.7
88675	-36.7
88695	-36.9
88715	-37.1
88735	-37.4
88755	-37.7
88775	-37.9
88795	-38.2
88815	-38.6
88835	-39.0
88855	-39.3
88875	-39.6
88895	-39.7
88915	-39.5
88935	-39.3
88955	-38.9
88975	-38.4
88995	-37.9
89015	-37.4
89035	-37.0
89055	-36.7
89075	-36.6
89095	-36.7
89115	-36.8
89135	-37.0
89155	-37.0
89175	-37.0
89195	-36.9
89215	-36.8
89235	-36.8
89255	-36.9
89275	-37.1
89295	-37.2
89315	-37.2
89335	-37.1
89355	-36.7
89375	-36.3
89395	-36.0
89415	-35.9
89435	-35.9
89455	-36.0
89475	-36.1
89495	-36.2
89515	-36.2
89535	-36.2
89555	-36.2
89575	-36.2
89595	-36.0
89615	-35.9
89635	-35.7
89655	-35.5
89675	-35.5
89695	-35.5
89715	-35.7
89735	-35.9
89755	-36.2
89775	-36.6
89795	-37.2
89815	-37.7
89835	-38.1
89855	-38.2
89875	-37.9
89895	-37.5
89915	-37.0
89935	-36.6
89955	-36.2
89975	-36.0
89995	-36.0
90015	-36.3
90035	-36.9
90055	-37.8
90075	-38.9
90095	-40.0
90115	-40.8
90135	-41.3
90155	-41.4
90175	-41.2
90195	-40.9
90215	-40.6
90235	-40.5
90255	-40.5
90275	-40.5
90295	-40.6
90315	-40.7
90335	-40.7
90355	-40.8
90375	-40.8
90395	-40.7
90415	-40.5
90435	-40.3
90455	-40.0
90475	-39.8
90495	-39.6
90515	-39.5
90535	-39.5
90555	-39.6
90575	-39.7
90595	-39.9
90615	-40.0
90635	-40.2
90655	-40.2
90675	-40.2
90695	-40.2
90715	-40.1
90735	-40.1
90755	-40.1
90775	-40.1
90795	-40.2
90815	-40.4
90835	-40.5
90855	-40.6
90875	-40.6
90895	-40.6
90915	-40.5
90935	-40.2
90955	-40.0
90975	-39.7
90995	-39.5
91015	-39.5
91035	-39.6
91055	-39.7
91075	-39.8
91095	-39.9
91115	-40.2
91135	-40.2
91155	-40.2
91175	-40.2
91195	-40.1
91215	-39.9
91235	-39.8
91255	-39.8
91275	-40.0
91295	-40.3
91315	-40.7
91335	-40.9
91355	-40.9
91375	-40.9
91395	-40.9
91415	-41.0
91435	-41.2
91455	-41.3
91475	-41.4
91495	-41.5
91515	-41.5
91535	-41.5
91555	-41.6
91575	-41.6
91595	-41.7
91615	-41.8
91635	-41.9
91655	-42.0
91675	-42.1
91695	-42.1
91715	-41.9
91735	-41.6
91755	-41.2
91775	-40.7
91795	-40.0
91815	-39.4
91835	-39.0
91855	-39.0
91875	-39.2
91895	-39.7
91915	-40.2
91935	-40.7
91955	-41.1
91975	-41.4
91995	-41.4
92015	-41.4
92035	-41.4
92055	-41.3
92075	-41.1
92095	-41.0
92115	-40.9
92135	-40.9
92155	-40.9
92175	-41.0
92195	-41.1
92215	-41.3
92235	-41.7
92255	-42.1
92275	-42.3
92295	-42.3
92315	-42.0
92335	-41.4
92355	-40.8
92375	-40.3
92395	-40.1
92415	-40.2
92435	-40.4
92455	-40.5
92475	-40.5
92495	-40.4
92515	-40.3
92535	-40.4
92555	-40.6
92575	-40.7
92595	-40.9
92615	-41.2
92635	-41.4
92655	-41.5
92675	-41.5
92695	-41.4
92715	-41.1
92735	-40.8
92755	-40.6
92775	-40.6
92795	-40.7
92815	-41.0
92835	-41.4
92855	-41.8
92875	-42.3
92895	-42.8
92915	-43.0
92935	-43.0
92955	-42.8
92975	-42.3
92995	-42.1
93015	-41.9
93035	-41.8
93055	-41.8
93075	-41.7
93095	-41.7
93115	-41.7
93135	-41.7
93155	-41.8
93175	-41.9
93195	-42.0
93215	-42.0
93235	-41.8
93255	-41.3
93275	-40.7
93295	-40.2
93315	-39.8
93335	-39.9
93355	-40.3
93375	-40.7
93395	-41.1
93415	-41.4
93435	-41.4
93455	-41.2
93475	-40.9
93495	-40.7
93515	-40.5
93535	-40.5
93555	-40.5
93575	-40.5
93595	-40.3
93615	-40.0
93635	-39.8
93655	-39.8
93675	-40.0
93695	-40.4
93715	-40.8
93735	-41.0
93755	-41.1
93775	-41.1
93795	-41.0
93815	-40.9
93835	-40.9
93855	-40.8
93875	-40.8
93895	-40.6
93915	-40.3
93935	-40.0
93955	-39.6
93975	-39.2
93995	-39.0
94015	-38.8
94035	-38.9
94055	-39.2
94075	-39.4
94095	-39.6
94115	-39.6
94135	-39.4
94155	-39.2
94175	-38.9
94195	-38.7
94215	-38.5
94235	-38.4
94255	-38.4
94275	-38.7
94295	-39.1
94315	-39.7
94335	-40.2
94355	-40.5
94375	-40.6
94395	-40.5
94415	-40.3
94435	-40.2
94455	-40.1
94475	-40.0
94495	-39.8
94515	-39.8
94535	-39.8
94555	-39.9
94575	-40.1
94595	-40.5
94615	-40.8
94635	-41.1
94655	-41.2
94675	-41.1
94695	-40.9
94715	-40.5
94735	-40.2
94755	-39.7
94775	-39.3
94795	-39.1
94815	-38.9
94835	-38.8
94855	-38.9
94875	-39.0
94895	-39.1
94915	-39.1
94935	-39.0
94955	-39.0
94975	-38.9
94995	-39.0
95015	-39.1
95035	-39.2
95055	-39.2
95075	-39.0
95095	-38.5
95115	-38.0
95135	-37.6
95155	-37.4
95175	-37.5
95195	-37.8
95215	-38.3
95235	-38.7
95255	-39.1
95275	-39.3
95295	-39.3
95315	-39.1
95335	-38.7
95355	-38.3
95375	-37.7
95395	-37.4
95415	-37.2
95435	-37.4
95455	-37.8
95475	-38.2
95495	-38.7
95515	-39.0
95535	-39.2
95555	-39.2
95575	-39.0
95595	-38.6
95615	-38.2
95635	-37.9
95655	-37.6
95675	-37.4
95695	-37.4
95715	-37.4
95735	-37.4
95755	-37.4
95775	-37.3
95795	-37.2
95815	-37.2
95835	-37.2
95855	-37.2
95875	-37.2
95895	-37.2
95915	-37.3
95935	-37.5
95955	-37.8
95975	-38.0
95995	-38.1
96015	-38.0
96035	-37.8
96055	-37.4
96075	-37.0
96095	-36.7
96115	-36.6
96135	-36.7
96155	-37.1
96175	-37.5
96195	-37.8
96215	-37.9
96235	-37.7
96255	-37.4
96275	-37.0
96295	-36.8
96315	-36.6
96335	-36.6
96355	-36.4
96375	-36.2
96395	-36.0
96415	-36.0
96435	-36.0
96455	-36.0
96475	-36.0
96495	-35.8
96515	-35.9
96535	-36.1
96555	-36.6
96575	-37.2
96595	-37.9
96615	-38.4
96635	-38.9
96655	-39.3
96675	-39.6
96695	-39.7
96715	-39.6
96735	-39.2
96755	-38.6
96775	-37.7
96795	-36.9
96815	-36.4
96835	-36.4
96855	-36.6
96875	-37.0
96895	-37.5
96915	-37.8
96935	-38.0
96955	-38.2
96975	-38.2
96995	-38.2
97015	-38.1
97035	-38.0
97055	-37.9
97075	-37.8
97095	-37.7
97115	-37.6
97135	-37.4
97155	-37.2
97175	-37.0
97195	-36.9
97215	-36.8
97235	-36.8
97255	-36.8
97275	-36.7
97295	-36.5
97315	-36.4
97335	-36.2
97355	-36.2
97375	-36.3
97395	-36.2
97415	-36.1
97435	-35.8
97455	-35.5
97475	-35.2
97495	-35.0
97515	-35.0
97535	-35.3
97555	-35.9
97575	-36.8
97595	-37.6
97615	-38.1
97635	-38.1
97655	-37.8
97675	-37.3
97695	-36.9
97715	-36.7
97735	-36.7
97755	-36.9
97775	-37.1
97795	-37.3
97815	-37.4
97835	-37.4
97855	-37.4
97875	-37.3
97895	-37.2
97915	-37.1
97935	-37.1
97955	-37.0
97975	-37.1
97995	-37.2
98015	-37.3
98035	-37.2
98055	-37.0
98075	-36.8
98095	-36.6
98115	-36.6
98135	-36.7
98155	-36.9
98175	-36.9
98195	-37.0
98215	-37.0
98235	-37.1
98255	-37.3
98275	-37.5
98295	-37.7
98315	-37.8
98335	-37.7
98355	-37.5
98375	-37.3
98395	-37.1
98415	-36.9
98435	-36.7
98455	-36.6
98475	-36.5
98495	-36.3
98515	-36.2
98535	-35.9
98555	-35.7
98575	-35.6
98595	-35.6
98615	-35.8
98635	-35.9
98655	-36.1
98675	-36.1
98695	-36.1
98715	-35.9
98735	-35.7
98755	-35.4
98775	-35.0
98795	-34.7
98815	-34.4
98835	-34.3
98855	-34.4
98875	-34.8
98895	-35.3
98915	-35.9
98935	-36.2
98955	-36.4
98975	-36.4
98995	-36.6
99015	-37.0
99035	-37.5
99055	-38.0
99075	-38.2
99095	-38.0
99115	-37.7
99135	-37.3
99155	-37.0
99175	-36.9
99195	-37.0
99215	-37.3
99235	-37.4
99255	-37.6
99275	-37.6
99295	-37.6
99315	-37.5
99335	-37.2
99355	-36.8
99375	-36.3
99395	-35.8
99415	-35.5
99435	-35.6
99455	-35.9
99475	-36.4
99495	-36.7
99515	-37.0
99535	-37.1
99555	-37.2
99575	-37.0
99595	-36.7
99614	-36.3
99635	-35.9
99655	-35.8
99675	-35.8
99695	-35.9
99715	-36.0
99735	-35.9
99755	-35.8
99775	-35.6
99795	-35.5
99815	-35.6
99835	-35.7
99855	-35.8
99875	-35.8
99895	-35.8
99915	-35.6
99935	-35.5
99955	-35.4
99975	-35.4
99995	-35.4
100015	-35.3
100034	-35.4
100054	-35.4
100075	-35.3
100095	-35.3
100115	-35.4
100135	-35.6
100155	-36.0
100175	-36.4
100194	-36.7
100215	-36.9
100236	-36.9
100256	-36.8
100275	-36.6
100294	-36.5
100315	-36.4
100335	-36.4
100354	-36.6
100375	-36.9
100395	-37.2
100415	-37.5
100435	-37.5
100455	-37.5
100475	-37.5
100495	-37.4
100515	-37.4
100535	-37.2
100555	-37.0
100575	-37.0
100595	-36.8
100615	-36.8
100635	-36.9
100656	-37.1
100675	-37.4
100695	-37.6
100715	-37.7
100735	-37.6
100755	-37.5
100775	-37.4
100795	-37.4
100815	-37.6
100835	-37.7
100855	-37.8
100875	-37.5
100895	-37.2
100915	-36.9
100935	-36.7
100955	-36.7
100975	-36.7
100995	-36.7
101015	-36.7
101035	-36.8
101055	-37.0
101075	-36.9
101095	-36.7
101115	-36.4
101135	-36.2
101155	-36.1
101175	-36.0
101195	-35.9
101215	-35.7
101235	-35.4
101255	-35.3
101275	-35.5
101296	-36.1
101315	-36.7
101335	-37.2
101354	-37.6
101375	-37.6
101395	-37.4
101415	-37.1
101435	-36.8
101455	-36.6
101475	-36.4
101494	-36.3
101515	-36.5
101535	-36.5
101555	-36.6
101575	-36.8
101595	-36.9
101615	-37.0
101634	-37.1
101655	-37.0
101675	-36.8
101696	-36.6
101715	-36.5
101735	-36.6
101755	-36.7
101774	-36.8
101794	-36.9
101815	-36.7
101836	-36.4
101855	-36.0
101875	-35.9
101895	-35.8
101915	-35.9
101935	-36.0
101955	-36.1
101975	-36.3
101995	-36.3
102015	-36.2
102035	-36.0
102055	-35.8
102075	-35.8
102095	-35.8
102115	-35.8
102135	-35.7
102155	-35.7
102175	-35.8
102196	-35.9
102216	-36.2
102235	-36.3
102255	-36.2
102275	-36.1
102295	-35.9
102316	-35.8
102335	-35.8
102355	-35.7
102375	-35.7
102395	-35.7
102415	-35.9
102435	-35.9
102455	-35.9
102475	-35.8
102495	-35.7
102515	-35.7
102535	-35.7
102555	-35.9
102575	-35.9
102595	-35.9
102615	-35.9
102635	-36.0
102655	-36.1
102675	-36.5
102695	-36.8
102715	-37.0
102735	-37.0
102755	-36.8
102775	-36.3
102795	-35.8
102815	-35.5
102835	-35.3
102855	-35.1
102875	-34.8
102895	-34.4
102915	-34.1
102935	-33.9
102955	-34.1
102976	-34.6
102995	-35.2
103015	-35.8
103035	-36.2
103055	-36.3
103075	-36.2
103095	-35.9
103115	-35.7
103135	-35.4
103156	-35.1
103175	-35.0
103195	-34.9
103215	-35.0
103235	-35.2
103255	-35.4
103275	-35.4
103295	-35.3
103315	-35.3
103335	-35.2
103355	-35.2
103375	-35.3
103395	-35.4
103415	-35.6
103435	-35.8
103455	-36.0
103476	-36.1
103495	-36.1
103515	-36.1
103535	-36.0
103555	-35.9
103575	-35.8
103595	-35.6
103615	-35.4
103635	-35.3
103655	-35.3
103675	-35.4
103695	-35.4
103715	-35.3
103735	-35.1
103755	-34.8
103775	-34.7
103796	-34.9
103816	-35.1
103835	-35.2
103855	-35.1
103875	-35.1
103895	-35.2
103915	-35.4
103935	-35.6
103955	-35.7
103975	-35.7
103995	-35.9
104015	-36.4
104035	-37.5
104055	-39.1
104075	-41.0
104095	-42.8
104115	-44.3
104135	-45.1
104155	-45.5
104176	-45.6
104195	-45.6
104214	-45.6
104235	-45.4
104255	-45.2
104276	-44.9
104295	-44.6
104315	-44.3
104335	-43.9
104355	-43.1
104375	-41.8
104395	-40.0
104415	-38.1
104435	-36.5
104455	-35.8
104475	-35.9
104495	-36.6
104515	-37.8
104535	-39.0
104555	-40.2
104575	-41.2
104595	-41.8
104615	-42.1
104635	-42.7
104655	-42.8
104675	-42.9
104696	-43.0
104715	-43.1
104735	-43.1
104755	-43.1
104775	-43.1
104795	-43.1
104815	-43.2
104835	-43.3
104855	-43.4
104875	-43.5
104895	-43.5
104915	-43.4
104935	-43.2
104955	-42.9
104975	-42.6
104995	-42.3
105015	-42.0
105035	-41.8
105055	-41.9
105075	-42.1
105095	-42.6
105115	-43.1
105134	-43.5
105154	-43.6
105175	-43.4
105195	-42.9
105215	-42.3
105235	-41.8
105255	-41.5
105275	-41.4
105295	-41.6
105315	-41.9
105335	-42.2
105355	-42.4
105375	-42.6
105395	-42.7
105415	-42.6
105435	-42.2
105455	-41.6
105475	-40.7
105495	-39.8
105515	-38.9
105536	-38.3
105556	-37.9
105575	-37.7
105595	-37.5
105615	-37.3
105634	-37.2
105655	-37.1
105675	-36.9
105695	-36.8
105715	-36.6
105735	-36.6
105755	-36.7
105775	-36.9
105795	-37.1
105815	-37.2
105835	-37.1
105855	-36.8
105875	-36.5
105895	-36.1
105915	-35.9
105935	-35.9
105954	-36.1
105975	-36.5
105995	-36.9
106015	-37.2
106035	-37.4
106055	-37.6
106075	-37.7
106095	-37.7
106115	-37.6
106135	-37.5
106155	-37.4
106175	-37.4
106195	-37.8
106215	-38.5
106235	-39.5
106255	-40.5
106275	-41.1
106295	-41.1
106315	-40.5
106335	-39.5
106355	-38.5
106375	-37.7
106395	-37.3
106415	-37.1
106435	-37.1
106455	-37.1
106475	-37.3
106495	-37.5
106515	-37.7
106535	-37.8
106555	-37.8
106575	-37.7
106595	-37.5
106615	-37.1
106634	-36.5
106655	-35.9
106675	-35.4
106695	-35.2
106715	-35.6
106735	-36.7
106755	-38.5
106775	-40.9
106795	-43.3
106815	-45.3
106836	-46.5
106855	-46.7
106875	-45.9
106895	-44.5
106915	-42.8
106935	-40.9
106955	-39.3
106975	-38.3
106995	-38.0
107015	-38.0
107035	-38.2
107055	-38.6
107075	-38.9
107095	-39.2
107115	-39.3
107135	-39.2
107155	-38.9
107175	-38.6
107195	-38.2
107215	-38.0
107235	-38.1
107255	-38.4
107275	-38.7
107295	-39.1
107315	-39.4
107335	-39.7
107355	-40.0
107375	-40.2
107395	-40.3
107415	-40.2
107435	-40.0
107455	-39.9
107475	-39.8
107495	-39.9
107515	-40.0
107535	-40.1
107555	-40.0
107575	-39.8
107595	-39.5
107615	-39.5
107635	-39.6
107655	-39.8
107675	-40.0
107695	-40.0
107715	-39.8
107735	-39.4
107755	-38.9
107775	-38.6
107795	-38.4
107815	-38.4
107835	-38.6
107855	-38.8
107875	-39.0
107895	-39.2
107915	-39.2
107935	-39.0
107955	-38.7
107975	-38.2
107995	-37.7
108015	-37.3
108035	-37.0
108055	-36.8
108075	-36.7
108095	-36.5
108115	-36.3
108135	-36.0
108155	-35.7
108175	-35.4
108195	-35.4
108215	-35.7
108235	-36.4
108255	-37.6
108275	-39.1
108295	-40.9
108315	-42.8
108335	-44.6
108355	-46.2
108375	-47.4
108396	-48.4
108415	-49.2
108435	-49.7
108456	-49.9
108475	-49.8
108494	-49.4
108514	-48.8
108535	-48.2
108556	-47.7
108575	-47.5
108595	-47.6
108615	-47.8
108635	-48.1
108655	-48.5
108676	-48.7
108696	-48.8
108716	-48.8
108736	-48.6
108756	-48.3
108775	-47.9
108795	-47.5
108815	-47.1
108834	-46.9
108855	-46.8
108875	-47.0
108895	-47.3
108914	-47.8
108935	-48.2
108955	-48.5
108975	-48.8
108994	-48.8
109015	-48.8
109035	-48.7
109055	-48.5
109074	-48.2
109095	-48.0
109114	-47.7
109135	-47.3
109155	-47.0
109175	-46.8
109195	-46.6
109215	-46.6
109235	-46.6
109255	-46.7
109275	-46.8
109295	-47.0
109315	-47.3
109336	-47.6
109355	-48.0
109375	-48.3
109396	-48.6
109415	-48.9
109435	-49.0
109455	-48.9
109475	-48.8
109495	-48.6
109515	-48.3
109536	-48.1
109555	-48.0
109575	-47.8
109595	-47.7
109615	-47.6
109635	-47.6
109655	-47.5
109676	-47.5
109696	-47.5
109716	-47.6
109735	-47.6
109754	-47.6
109774	-47.4
109794	-47.2
109814	-46.9
109834	-46.5
109855	-46.3
109876	-46.2
109895	-46.3
109915	-46.5
109935	-46.8
109955	-47.1
109975	-47.2
109995	-47.3
110015	-47.3
110035	-47.3
110055	-47.3
110075	-47.4
110095	-47.5
110115	-47.7
110135	-48.0
110155	-48.3
110175	-48.7
110196	-48.9
110215	-49.0
110235	-49.0
110255	-48.9
110276	-48.7
110295	-48.5
110315	-48.3
110335	-48.2
110354	-48.1
110374	-48.0
110395	-48.0
110415	-47.8
110435	-47.7
110454	-47.5
110475	-47.5
110495	-47.4
110515	-47.5
110535	-47.5
110555	-47.5
110575	-47.4
110595	-47.1
110615	-46.7
110635	-46.1
110655	-45.4
110675	-44.4
110695	-43.4
110715	-42.5
110735	-41.6
110755	-40.9
110775	-40.5
110795	-40.3
110815	-40.3
110835	-40.3
110855	-40.3
110875	-40.4
110895	-40.6
110915	-41.0
110935	-41.6
110955	-42.4
110975	-43.2
110995	-44.0
111015	-44.5
111035	-44.8
111055	-45.0
111076	-45.1
111095	-45.2
111115	-45.3
111135	-45.3
111155	-45.2
111175	-45.0
111195	-45.0
111215	-45.1
111235	-45.3
111255	-45.6
111274	-45.9
111295	-46.0
111315	-45.9
111336	-45.6
111355	-45.1
111375	-44.5
111395	-44.0
111415	-43.5
111435	-43.2
111455	-42.9
111474	-42.6
111494	-42.2
111515	-41.8
111535	-41.4
111555	-41.1
111575	-41.2
111595	-41.5
111615	-42.0
111635	-42.6
111655	-43.1
111675	-43.4
111695	-43.5
111715	-43.5
111734	-43.5
111755	-43.5
111775	-43.7
111795	-43.9
111815	-44.1
111835	-44.2
111855	-44.2
111875	-43.9
111895	-43.5
111915	-42.9
111935	-42.0
111955	-41.1
111975	-40.2
111995	-39.6
112015	-39.4
112035	-39.7
112055	-40.1
112075	-40.6
112095	-40.9
112115	-40.9
112136	-40.7
112155	-40.4
112175	-40.1
112195	-40.0
112215	-39.9
112234	-40.0
112255	-40.0
112275	-40.1
112295	-40.3
112315	-40.4
112335	-40.6
112355	-40.7
112375	-40.6
112395	-40.4
112415	-40.0
112435	-39.7
112455	-39.4
112475	-39.0
112496	-38.7
112515	-38.5
112535	-38.4
112555	-38.3
112575	-38.3
112595	-38.3
112615	-38.3
112635	-38.3
112655	-38.3
112675	-38.3
112695	-38.3
112715	-38.2
112735	-38.1
112755	-38.1
112775	-38.1
112795	-38.2
112815	-38.2
112835	-38.3
112855	-38.4
112875	-38.5
112896	-38.6
112915	-38.8
112935	-39.1
112955	-39.4
112975	-39.5
112995	-39.5
113015	-39.1
113035	-38.4
113055	-37.8
113075	-37.3
113095	-37.1
113115	-37.2
113135	-37.3
113155	-37.5
113175	-37.7
113195	-37.9
113215	-38.2
113235	-38.3
113255	-38.3
113275	-38.2
113295	-38.1
113315	-37.9
113335	-37.9
113355	-38.1
113375	-38.6
113396	-39.2
113415	-39.8
113435	-40.3
113454	-40.4
113475	-40.3
113495	-40.1
113515	-39.8
113535	-39.6
113555	-39.3
113575	-39.1
113595	-38.8
113615	-38.5
113635	-38.2
113655	-38.1
113675	-38.0
113695	-37.9
113715	-37.9
113735	-38.0
113755	-38.0
113775	-38.0
113795	-37.9
113815	-37.9
113835	-37.9
113855	-38.0
113875	-38.1
113895	-38.1
113915	-37.9
113935	-37.6
113955	-37.4
113975	-37.4
113995	-37.8
114015	-38.3
114035	-38.7
114055	-39.0
114075	-38.9
114095	-38.7
114115	-38.3
114136	-37.9
114156	-37.7
114175	-37.7
114195	-37.8
114215	-38.0
114235	-38.2
114255	-38.4
114275	-38.5
114295	-38.5
114315	-38.3
114335	-38.1
114355	-37.9
114375	-37.8
114395	-37.9
114415	-38.0
114435	-38.1
114455	-38.1
114475	-38.0
114495	-38.0
114515	-38.0
114535	-38.1
114555	-38.2
114575	-38.2
114595	-38.3
114615	-38.3
114635	-38.1
114656	-37.9
114675	-37.6
114695	-37.5
114715	-37.4
114735	-37.5
114755	-37.6
114775	-37.7
114795	-37.7
114815	-37.4
114835	-37.1
114855	-36.9
114875	-36.9
114895	-37.1
114915	-37.5
114935	-37.9
114955	-38.1
114975	-38.1
114995	-38.0
115015	-37.8
115035	-37.5
115055	-37.1
115075	-36.9
115095	-36.8
115115	-36.8
115135	-36.8
115155	-36.8
115175	-36.8
115195	-36.6
115215	-36.4
115235	-36.1
115255	-35.8
115275	-35.6
115295	-35.4
115315	-35.4
115335	-35.7
115355	-36.2
115375	-36.7
115395	-37.3
115415	-37.9
115435	-38.5
115456	-39.0
115475	-39.6
115494	-40.0
115515	-40.4
115535	-40.5
115555	-40.4
115575	-40.1
115595	-39.7
115615	-39.3
115635	-39.1
115655	-39.2
115675	-39.4
115695	-39.7
115715	-39.9
115735	-40.0
115756	-40.0
115775	-40.1
115795	-40.1
115816	-40.1
115835	-40.0
115855	-39.8
115875	-39.6
115895	-39.5
115916	-39.5
115936	-39.6
115955	-39.9
115975	-40.1
115995	-40.3
116015	-40.3
116035	-40.2
116055	-40.2
116075	-40.1
116095	-40.1
116115	-40.1
116135	-40.1
116155	-40.0
116175	-39.8
116195	-39.5
116214	-39.2
116235	-38.9
116255	-38.7
116275	-38.7
116295	-38.8
116315	-39.1
116335	-39.3
116355	-39.4
116375	-39.4
116396	-39.4
116415	-39.4
116435	-39.3
116455	-39.2
116475	-39.0
116495	-38.7
116516	-38.4
116536	-38.2
116555	-38.2
116575	-38.5
116595	-38.9
116615	-39.3
116635	-39.4
116655	-39.3
116676	-38.9
116695	-38.5
116715	-38.2
116735	-38.2
116755	-38.4
116775	-38.7
116796	-39.1
116815	-39.5
116834	-39.7
116855	-39.7
116875	-39.7
116895	-39.5
116915	-39.3
116935	-39.0
116955	-38.8
116975	-38.6
116995	-38.4
117015	-38.3
117035	-38.3
117055	-38.3
117075	-38.3
117095	-38.2
117116	-38.1
117136	-38.0
117155	-37.9
117175	-37.9
117195	-38.0
117215	-38.1
117235	-38.2
117255	-38.3
117275	-38.5
117295	-38.7
117315	-38.9
117335	-39.1
117356	-39.1
117375	-39.1
117395	-39.0
117415	-38.8
117435	-38.6
117455	-38.2
117476	-37.7
117495	-37.2
117515	-36.8
117535	-36.7
117555	-36.8
117575	-37.1
117595	-37.5
117615	-37.9
117636	-38.1
117655	-38.1
117675	-38.1
117695	-38.0
117715	-37.9
117735	-37.6
117755	-37.2
117775	-36.8
117795	-36.5
117815	-36.4
117835	-36.4
117855	-36.6
117875	-36.9
117895	-37.1
117915	-37.4
117935	-37.6
117955	-37.8
117975	-37.9
117995	-37.9
118015	-37.9
118035	-38.0
118055	-38.1
118075	-38.2
118095	-38.3
118116	-38.4
118135	-38.4
118155	-38.3
118175	-38.2
118195	-38.0
118215	-37.7
118235	-37.5
118255	-37.2
118275	-37.0
118295	-36.6
118315	-36.2
118335	-35.8
118355	-35.3
118375	-35.0
118395	-34.8
118415	-34.8
118435	-34.8
118455	-34.9
118476	-35.0
118495	-35.1
118515	-35.2
118534	-35.3
118555	-35.2
118575	-35.0
118595	-34.8
118615	-34.7
118635	-34.6
118655	-34.7
118675	-34.9
118695	-35.0
118715	-35.0
118736	-34.9
118755	-34.6
118775	-34.2
118795	-33.9
118815	-33.7
118835	-33.6
118855	-33.7
118875	-33.8
118895	-33.9
118915	-34.0
118935	-34.1
118955	-34.1
118975	-34.0
118995	-33.9
119015	-33.7
119035	-33.6
119055	-33.6
119075	-33.6
119095	-33.7
119115	-33.7
119135	-33.6
119155	-33.3
119175	-33.0
119195	-32.7
119215	-32.6
119235	-32.6
119255	-32.5
119275	-32.6
119294	-32.6
119314	-32.6
119334	-32.6
119355	-32.7
119375	-32.7
119395	-32.7
119415	-32.7
119435	-32.7
119455	-32.7
119475	-32.7
119495	-32.6
119515	-32.4
119535	-32.3
119555	-32.1
119575	-32.1
119595	-32.1
119615	-32.1
119635	-32.2
119655	-32.2
119675	-32.2
119694	-32.1
119715	-32.0
119735	-32.0
119755	-31.9
119775	-31.9
119795	-31.8
119815	-31.7
119835	-31.5
119855	-31.4
119875	-31.3
119895	-31.2
119915	-31.1
119935	-31.1
119955	-31.1
119975	-31.1
119995	-31.2
120015	-31.2
120035	-31.1
120055	-31.0
120075	-30.9
120095	-30.8
120115	-30.8
120135	-30.7
120154	-30.7
120175	-30.6
120196	-30.5
120215	-30.5
120235	-30.4
120255	-30.3
120276	-30.2
120295	-30.1
120315	-30.0
120335	-29.9
120356	-29.8
120375	-29.6
120394	-29.5
120415	-29.4
120435	-29.3
120455	-29.2
120475	-29.2
120495	-29.2
120515	-29.1
120535	-29.0
120555	-28.9
120575	-28.7
120595	-28.6
120615	-28.6
120635	-28.5
120655	-28.5
120675	-28.4
120695	-28.4
120715	-28.3
120734	-28.1
120755	-27.9
120775	-27.7
120795	-27.6
120815	-27.5
120835	-27.4
120854	-27.3
120875	-27.2
120895	-27.1
120915	-27.1
120935	-27.0
120955	-27.0
120975	-27.0
120995	-27.0
121015	-27.1
121035	-27.1
121055	-27.1
121075	-27.0
121095	-26.8
121115	-26.7
121135	-26.5
121156	-26.4
121175	-26.3
121194	-26.3
121215	-26.3
121235	-26.2
121255	-26.2
121275	-26.2
121295	-26.2
121315	-26.2
121335	-26.2
121355	-26.1
121376	-26.1
121395	-26.1
121415	-26.0
121435	-26.0
121455	-26.0
121475	-25.9
121495	-25.8
121515	-25.8
121535	-25.7
121555	-25.7
121575	-25.6
121595	-25.6
121615	-25.6
121635	-25.6
121655	-25.6
121675	-25.6
121695	-25.6
121715	-25.6
121735	-25.6
121755	-25.6
121775	-25.5
121795	-25.5
121815	-25.5
121835	-25.5
121855	-25.5
121875	-25.5
121895	-25.6
121915	-25.7
121935	-25.7
121955	-25.7
121975	-25.8
121995	-25.8
122015	-25.8
122035	-25.8
122055	-25.7
122075	-25.7
122094	-25.6
122115	-25.5
122134	-25.5
122155	-25.4
122175	-25.5
122195	-25.5
122215	-25.6
122235	-25.6
122255	-25.5
122275	-25.5
122295	-25.5