0	  -35.19
150	  -35.05
250	  -35.63
400	  -35.62
500	  -35.41
650	  -35.27
750	  -35.38
900	  -35.49
1000	  -35.01
1150	  -35.58
1250	  -35.27
1400	  -35.09
1500	  -35.68
1650	  -34.84
1750	  -35.72
1900	  -35.19
2000	  -35.00
2150	  -35.19
2250	  -34.77
2400	  -35.10
2500	  -35.25
2650	  -35.29
2750	  -34.86
2900	  -35.14
3000	  -34.98
3150	  -34.91
3250	  -35.08
3400	  -34.91
3500	  -35.00
3650	  -35.13
3750	  -35.06
3900	  -35.21
4000	  -34.73
4150	  -35.25
4250	  -35.19
4400	  -35.10
4500	  -35.00
4650	  -34.87
4750	  -34.60
4900	  -34.74
5000	  -34.76
5150	  -34.98
5250	  -35.09
5400	  -35.02
5500	  -34.51
5650	  -34.63
5750	  -34.62
5900	  -34.22
6000	  -34.93
6150	  -34.40
6250	  -34.80
6400	  -34.65
6500	  -35.08
6650	  -34.61
6750	  -34.72
6900	  -34.54
7000	  -34.79
7150	  -34.81
7250	  -34.91
7400	  -34.43
7500	  -34.69
7650	  -34.33
7750	  -34.06
7900	  -34.89
8000	  -34.63
8150	  -35.51
8250	  -34.60
8400	  -35.13
8500	  -34.71
8650	  -35.12
8750	  -35.05
8900	  -34.30
9000	  -35.22
9150	  -34.49
9250	  -35.41
9400	  -34.87
9500	  -34.91
9650	  -34.86
9750	  -35.15
9900	  -35.13
10000	  -35.25
10150	  -35.38
10250	  -36.18
10400	  -36.09
10500	  -36.30
10650	  -36.17
10750	  -37.36
10900	  -36.99
11000	  -36.73
11150	  -36.51
11250	  -37.98
11400	  -37.13
11500	  -38.99
11650	  -40.22
11750	  -41.04
11900	  -39.95
12000	  -40.63
12150	  -40.76
12250	  -41.06
12400	  -40.82
12500	  -42.21
12650	  -40.18
12750	  -38.76
12900	  -39.88
13000	  -40.05
13150	  -39.07
13250	  -38.44
13400	  -38.01
13500	  -39.77
13650	  -38.25
13750	  -38.08
13900	  -39.46
14000	  -38.25
14150	  -37.89
14250	  -37.17
14400	  -37.29
14500	  -36.40
14650	  -40.06
14750	  -41.60
14900	  -41.56
15000	  -42.06
15150	  -42.23
15250	  -42.38
15400	  -42.55
15500	  -41.94
15650	  -43.29
15750	  -41.69
15900	  -41.53
16000	  -42.41
16150	  -42.01
16250	  -40.80
16400	  -41.82
16500	  -40.44
16650	  -41.90
16750	  -40.42
16900	  -40.99
17000	  -42.02
17150	  -40.27
17250	  -40.66
17400	  -41.88
17500	  -41.80
17650	  -41.83
17750	  -42.47
17900	  -42.35
18000	  -40.73
18150	  -40.93
18250	  -41.28
18400	  -41.89
18500	  -41.71
18650	  -42.48
18750	  -42.18
18900	  -41.26
19000	  -41.13
19150	  -41.36
19250	  -40.98
19400	  -41.77
19500	  -42.22
19650	  -42.29
19750	  -43.20
19900	  -42.38
20000	  -42.03
20150	  -41.79
20250	  -42.70
20400	  -42.75
20500	  -43.15
20650	  -42.96
20750	  -42.41
20900	  -42.07
21000	  -41.71
21150	  -42.95
21250	  -43.28
21400	  -41.85
21500	  -42.03
21650	  -41.56
21750	  -42.90
21900	  -42.31
22000	  -42.38
22150	  -41.22
22250	  -41.87
22400	  -42.27
22500	  -42.47
22650	  -41.07
22750	  -43.46
22900	  -43.68
23000	  -43.67
23150	  -43.12
23250	  -43.53
23400	  -42.65
23500	  -43.55
23650	  -44.32
23750	  -43.54
23900	  -43.50
24000	  -43.60
24150	  -43.04
24250	  -43.89
24400	  -42.67
24500	  -44.21
24650	  -42.79
24750	  -42.93
24900	  -44.86
25000	  -43.44
25150	  -44.76
25250	  -44.76
25400	  -43.45
25500	 -42.46
25650	  -42.27
25750	  -42.79
25900	  -42.44
26000	  -45.62
26150	  -43.54
26250	  -44.16
26400	  -43.23
26500	  -42.54
26650	  -43.97
26750	  -43.45
26900	  -43.08
27000	  -44.58
27150	  -43.03
27250	  -39.62
27400	  -38.37
27500	  -43.82
27650	  -44.84
27750	  -44.05
27900	  -44.48
28000	  -43.59
28150	  -44.28
28250	  -40.58
28400	  -40.45
28500	  -40.23
28650	  -43.60
28750	  -44.54
28900	  -44.13
29000	  -43.51
29150	  -45.07
29250	  -44.57
29400	  -44.39
29500	  -44.51
29650	  -43.98
29750	  -45.11
29900	  -44.37
30000	  -44.04
30150	  -43.76
30250	  -42.23
30400	  -43.00
30500	  -43.65
30650	  -44.21
30750	  -43.58
30900	  -44.29
31000	  -43.74
31150	  -43.46
31250	  -43.69
31400	  -43.95
31500	  -43.39
31650	  -43.65
31750	  -43.57
31900	  -41.70
32000	  -40.43
32150	  -39.94
32250	  -42.28
32400	  -43.81
32500	  -43.77
32650	  -44.69
32750	  -42.97
32900	  -43.68
33000	  -43.21
33150	  -44.19
33250	  -40.38
33400	  -39.66
33500	  -39.03
33650	  -41.91
33750	  -43.26
33900	  -42.49
34000	  -42.85
34150	  -43.38
34250	  -42.61
34400	  -43.38
34500	  -42.20
34650	  -40.50
34750	  -41.17
34900	  -40.30
35000	  -39.67
35150	  -39.36
35250	  -38.78
35400	  -39.86
35500	  -42.83
35650	  -41.95
35750	  -44.52
35900	  -42.59
36000	  -42.93
36150	  -42.43
36250	  -42.88
36400	  -43.06
36500	  -43.23
36650	  -40.82
36750	  -41.26
36900	  -41.54
37000	  -41.01
37150	  -40.96
37250	  -39.59
37400	  -39.28
37500	  -38.77
37650	  -38.74
37750	  -38.71
37900	  -39.12
38000	  -39.05
38150	  -38.50
38250	  -38.13
38400	  -41.76
38500	  -42.26
38650	  -42.76
38750	  -42.77
38900	  -43.21
39000	  -42.63
39150	  -42.11
39250	  -44.16
39400	  -43.27
39500	  -43.03
39650	  -42.66
39750	  -42.01
39900	  -42.68
40000	  -43.23
40150	  -42.23
40250	  -40.34
40400	  -42.77
40500	  -42.21
40650	  -42.20
40750	  -42.90
40900	  -43.32
41000	  -43.77
41150	  -42.00
41250	  -40.80
41400	  -39.76
41500	  -40.07
41650	  -39.57
41750	  -42.07
41900	  -43.01
42000	  -42.44
42150	  -42.82
42250	  -42.49
42400	  -42.77
42500	  -42.46
42650	  -40.87
42750	  -41.11
42900	  -41.17
43000	  -40.05
43150	  -39.70
43250	  -39.46
43400	  -38.48
43500	  -40.01
43650	  -39.30
43750	  -42.60
43900	  -43.14
44000	  -43.15
44150	  -42.31
44250	  -42.59
44400	  -42.29
44500	  -43.42
44650	  -42.10
44750	  -41.73
44900	  -39.89
45000	  -41.86
45150	  -40.91
45250	  -41.07
45400	  -41.18
45500	  -40.98
45650	  -40.75
45750	  -41.08
45900	  -40.26
46000	  -40.20
46150	  -39.51
46250	  -39.37
46400	  -39.24
46500	  -38.41
46650	  -39.05
46750	  -38.93
46900	  -39.13
47000	  -38.49
47150	  -38.03
47250	  -38.19
47400	  -40.26
47500	  -42.87
47650	  -42.15
47750	  -43.16
47900	  -42.00
48000	  -43.61
48150	  -41.98
48250	  -43.83
48400	  -42.91
48500	  -42.92
48650	  -43.13
48750	  -43.48
48900	  -42.80
49000	  -41.59
49150	  -41.17
49250	  -40.92
49400	  -40.23
49500	  -39.62
49650	  -42.11
49750	  -39.51
49900	  -41.85
50000	  -41.51
50150	  -41.47
50250	  -40.53
50400	  -40.42
50500	  -40.72
50650	  -40.29
50750	  -40.51
50900	  -40.90
51000	  -40.78
51150	  -40.57
51250	  -40.34
51400	  -40.72
51500	  -40.53
51650	  -40.45
51750	  -40.69
51900	  -40.85
52000	  -40.44
52150	  -40.67
52250	  -41.39
52400	  -39.11
52500	  -39.96
52650	  -39.04
52750	  -39.44
52900	  -38.84
53000	  -39.24
53150	  -39.42
53250	  -38.96
53400	  -39.66
53500	  -39.24
53650	  -39.56
53750	  -38.90
53900	  -39.47
54000	  -38.83
54150	  -38.51
54250	  -38.86
54400	  -38.74
54500	  -39.37
54650	  -38.55
54750	  -39.91
54900	  -38.87
55000	  -39.14
55150	  -42.52
55250	  -42.80
55400	  -43.53
55500	  -42.74
55650	  -42.20
55750	  -38.93
55900	  -42.14
56000	  -42.49
56150	  -42.99
56250	  -39.24
56400	  -39.32
56500	  -38.90
56650	  -42.08
56750	  -42.84
56900	  -42.63
57000	  -42.24
57150	  -42.46
57250	  -41.25
57400	  -41.17
57500	  -40.07
57650	  -40.68
57750	  -40.51
57900	  -41.42
58000	  -40.35
58150	  -40.02
58250	  -39.83
58400	  -38.99
58500	  -39.17
58650	  -38.83
58750	  -38.41
58900	  -41.97
59000	  -39.60
59150	  -42.52
59250	  -42.46
59400	  -40.97
59500	  -39.52
59650	  -40.30
59750	  -38.25
59900	  -42.30
60000	  -42.25
60150	  -37.93
60250	  -43.39
60400	  -43.27
60500	  -43.58
60650	  -42.69
60750	  -43.33
60900	  -43.30
61000	  -42.89
61150	  -43.19
61250	  -43.05
61400	  -43.13
61500	  -43.74
61650	  -43.65
61750	  -44.15
61900	  -44.19
62000	  -43.70
62150	  -43.10
62250	  -45.10
62400	  -43.63
62500	  -44.38
62650	  -43.15
62750	  -44.70
62900	  -43.54
63000	  -44.01
63150	  -44.52
63250	  -44.58
63400	  -44.15
63500	  -43.77
63650	  -44.40
63750	  -44.81
63900	  -44.37
64000	  -43.41
64150	  -43.10
64250	  -43.26
64400	  -43.39
64500	  -43.34
64650	  -39.97
64750	  -40.21
64900	  -42.97
65000	  -43.79
65150	  -44.17
65250	  -44.49
65400	 -44.52
65500	  -44.22
65650	  -43.61
65750	  -43.85
65900	  -42.91
66000	  -44.81
66150	  -44.16
66250	  -44.24
66400	  -44.01
66500	  -45.04
66650	  -44.33
66750	  -44.22
66900	  -43.35
67000	  -43.99
67150	  -44.65
67250	  -44.64
67400	  -42.91
67500	  -44.12
67650	  -43.62
67750	  -43.76
67900	  -44.73
68000	  -42.37
68150	  -42.79
68250	  -43.99
68400	  -44.81
68500	  -44.62
68650	  -43.83
68750	  -43.96
68900	  -44.25
69000	  -43.76
69150	  -44.40
69250	  -43.92
69400	  -43.76
69500	  -43.30
69650	  -44.03
69750	  -43.73
69900	  -44.39
70000	  -43.54
70150	  -42.07
70250	  -39.55
70400	  -44.18
70500	  -44.32
70650	  -44.13
70750	  -43.67
70900	  -43.05
71000	  -43.48
71150	  -42.45
71250	  -42.16
71400	  -42.06
71500	  -41.60
71650	  -40.51
71750	  -40.34
71900	  -40.37
72000	  -39.69
72150	  -39.91
72250	  -39.61
72400	  -39.23
72500	  -38.73
72650	  -38.47
72750	  -37.92
72900	  -38.15
73000	  -40.85
73150	  -44.39
73250	  -44.66
73400	  -45.07
73500	  -44.92
73650	  -44.66
73750	  -45.15
73900	  -44.57
74000	  -44.65
74150	  -45.39
74250	  -44.41
74400	  -44.54
74500	  -44.34
74650	  -44.06
74750	  -42.98
74900	  -42.22
75000	  -40.06
75150	  -41.35
75250	  -40.34
75400	  -40.00
75500	  -39.19
75650	  -39.60
75750	  -39.64
75900	  -39.45
76000	  -39.51
76150	  -39.32
76250	  -38.81
76400	  -38.65
76500	  -38.58
76650	  -38.18
76750	  -37.93
76900	  -37.81
77000	  -37.28
77150	  -38.69
77250	  -42.95
77400	  -42.43
77500	  -43.41
77650	  -42.95
77750	  -42.42
77900	  -42.92
78000	  -42.80
78150	  -43.59
78250	  -42.39
78400	  -42.48
78500	  -41.06
78650	  -39.29
78750	  -39.86
78900	  -41.03
79000	  -41.01
79150	  -40.30
79250	  -40.40
79400	  -40.64
79500	  -39.37
79650	  -39.32
79750	  -39.45
79900	  -38.72
80000	  -40.70
80150	  -40.34
80250	  -40.28
80400	  -39.98
80500	  -39.91
80650	  -39.45
80750	  -39.54
80900	  -39.25
81000	  -39.51
81150	  -39.52
81250	  -38.98
81400	  -39.44
81500	  -38.61
81650	  -38.79
81750	  -38.65
81900	  -38.44
82000	  -38.38
82150	  -38.26
82250	  -37.99
82400	  -37.78
82500	  -37.26
82650	  -38.05
82750	  -38.24
82900	  -37.82
83000	  -38.45
83150	  -38.22
83250	  -37.92
83400	  -37.84
83500	  -38.47
83650	  -38.02
83750	  -37.02
83900	  -37.57
84000	  -38.02
84150	  -37.94
84250	  -36.94
84400	  -36.82
84500	  -37.84
84650	  -37.80
84750	  -37.34
84900	  -37.95
85000	  -37.94
85150	  -37.49
85250	  -37.06
85400	  -36.81
85500	  -41.13
85650	  -40.68
85750	  -40.33
85900	  -40.09
86000	  -40.46
86150	  -40.69
86250	  -41.08
86400	  -41.36
86500	  -40.93
86650	  -41.60
86750	  -40.77
86900	  -41.02
87000	  -41.50
87150	  -41.27
87250	  -41.24
87400	  -41.70
87500	  -41.31
87650	  -41.16
87750	  -41.96
87900	  -42.04
88000	  -41.60
88150	  -41.54
88250	  -41.59
88400	  -40.47
88500	  -40.00
88650	  -40.50
88750	  -39.32
88900	  -39.14
89000	  -38.97
89150	  -38.81
89250	  -38.83
89400	  -38.55
89500	  -39.43
89650	  -39.29
89750	  -38.35
89900	  -38.48
90000	  -38.47
90150	  -37.96
90250	  -38.00
90400	  -37.68
90500	  -39.13
90650	  -38.19
90750	  -39.92
90900	  -39.87
91000	  -39.86
91150	  -39.64
91250	  -39.60
91400	  -39.50
91500	  -39.78
91650	  -39.27
91750	  -39.50
91900	  -39.11
92000	  -39.68
92150	  -39.87
92250	  -40.21
92400	  -39.56
92500	  -39.64
92650	  -39.91
92750	  -39.64
92900	  -40.18
93000	  -39.79
93150	  -39.69
93250	  -39.74
93400	  -39.67
93500	  -40.05
93650	  -39.96
93750	  -40.29
93900	  -39.43
94000	  -39.69
94150	  -39.85
94250	  -39.90
94400	  -39.73
94500	  -39.05
94650	  -39.58
94750	  -38.97
94900	  -39.73
95000	  -39.51
95150	  -39.96
95250	  -39.39
95400	  -39.38
95500	  -39.49
95650	  -38.76
95750	  -39.38
95900	  -38.80
96000	  -39.30
96150	  -38.77
96250	  -38.66
96400	  -38.68
96500	  -38.83
96650	  -38.60
96750	  -38.45
96900	  -38.21
97000	  -38.36
97150	  -39.04
97250	  -38.13
97400	  -38.81
97500	  -38.80
97650	  -38.64
97750	  -38.35
97900	  -38.38
98000	  -37.93
98150	  -38.75
98250	  -38.61
98400	  -38.51
98500	  -38.53
98650	  -38.52
98750	  -38.82
98900	  -38.55
99000	  -38.02
99150	  -38.21
99250	  -37.68
99400	  -37.90
99500	  -38.62
99650	  -38.05
99750	  -38.31
99900	  -37.84
100000	  -38.14
100150	  -37.73
100250	  -37.57
100400	  -37.84
100500	  -37.46
100650	  -37.52
100750	  -37.87
100900	  -37.75
101000	  -38.04
101150	  -37.63
101250	  -37.63
101400	  -38.06
101500	  -37.56
101650	  -37.45
101750	  -37.05
101900	  -37.82
102000	  -37.49
102150	  -37.55
102250	  -37.38
102400	  -37.34
102500	  -37.24
102650	  -37.11
102750	  -37.13
102900	  -37.08
103000	  -37.08
103150	  -37.02
103250	  -36.95
103400	  -36.85
103500	  -36.41
103650	  -37.04
103750	  -36.01
103900	  -37.01
104000	  -36.84
104150	  -36.92
104250	  -36.71
104400	  -36.82
104500	  -36.47
104650	  -37.08
104750	  -38.86
104900	  -39.53
105000	  -39.32
105150	  -36.67
105250	 -39.59
105400	  -39.95
105500	  -40.01
105650	  -39.60
105750	  -39.95
105900	  -39.47
106000	  -39.77
106150	  -37.95
106250	  -37.37
106400	  -37.62
106500	  -37.43
106650	  -37.59
106750	  -38.39
106900	  -37.34
107000	  -37.43
107150	  -37.07
107250	  -39.09
107400	  -38.69
107500	  -37.49
107650	  -37.51
107750	  -37.55
107900	  -37.69
108000	  -37.42
108150	  -37.65
108250	  -37.30
108400	  -37.27
108500	  -36.67
108650	  -36.53
108750	  -40.56
108900	  -41.02
109000	  -40.95
109150	  -40.84
109250	  -41.13
109400	  -41.26
109500	  -40.72
109650	  -40.91
109750	  -41.69
109900	  -41.38
110000	  -41.26
110150	  -41.11
110250	  -41.29
110400	  -41.40
110500	  -41.79
110650	  -41.51
110750	  -41.19
110900	  -40.76
111000	  -38.20
111150	  -38.24
111250	  -39.59
111400	  -39.79
111500	  -39.91
111650	  -39.12
111750	  -38.27
111900	  -39.02
112000	  -39.01
112150	  -38.41
112250	  -38.27
112400	  -37.80
112500	  -38.13
112650	  -37.62
112750	  -37.29
112900	  -37.26
113000	  -37.37
113150	  -37.73
113250	  -37.07
113400	  -37.33
113500	  -37.75
113650	  -37.52
113750	  -37.27
113900	  -37.36
114000	  -37.31
114150	  -37.46
114250	  -37.07
114400	  -37.33
114500	  -37.29
114650	  -37.20
114750	  -37.02
114900	  -37.24
115000	  -37.34
115150	  -37.18
115250	  -37.12
115400	  -36.73
115500	  -37.99
115650	  -38.80
115750	  -38.62
115900	  -38.56
116000	  -38.41
116150	  -38.58
116250	  -38.52
116400	  -38.09
116500	  -38.33
116650	  -37.86
116750	  -38.14
116900	  -38.11
117000	  -38.26
117150	  -38.05
117250	  -37.90
117400	  -38.00
117500	  -38.15
117650	  -37.74
117750	  -37.81
117900	  -37.67
118000	  -37.42
118150	  -37.70
118250	  -37.88
118400	  -37.78
118500	  -37.32
118650	  -37.26
118750	  -37.31
118900	  -37.30
119000	  -36.70
119150	  -36.99
119250	  -36.35
119400	  -36.69
119500	  -35.70
119650	  -35.65
119750	  -35.35
119900	  -34.68
120000	  -34.74
120150	  -34.72
120250	  -34.32
120400	  -34.48
120500	  -34.32
120650	  -34.18
120750	  -33.81
120900	  -33.66
121000	  -33.35
121150	  -33.32
121250	  -32.85
121400	  -32.70
121500	  -32.89
121650	  -32.39
121750	  -32.46
121900	  -32.35
122000	  -32.34
122150	  -32.27
122250	  -32.34
122400	  -32.30
122500	  -32.49
122650	  -32.58
122750	  -32.49
122900	  -32.68
